1,1,11863
2,1,12254
3,1,12274
4,1,12238
5,1,12275
6,1,12272
7,1,12206
8,1,12223
9,1,12129
10,1,12128
11,1,12141
12,1,12164
13,1,12163
14,1,12152
15,1,12176
16,1,12126
17,1,12174
18,1,12172
19,1,12189
20,1,12181
21,1,12212
22,1,12169
23,1,12170
24,1,12167
25,1,12141
26,1,12185
27,1,12161
28,1,12211
29,1,12210
30,1,12226
31,1,12208
32,1,12209
33,1,12255
34,1,12234
35,1,12220
36,1,12236
37,1,12197
38,1,12226
39,1,12228
40,1,12217
41,1,12252
42,1,12241
43,1,12232
44,1,12220
45,1,12235
46,1,12275
47,1,12243
48,1,12230
49,1,12230
50,1,12210
51,1,12258
52,1,12288
53,1,12305
54,1,12276
55,1,12239
56,1,12268
57,1,12243
58,1,12250
59,1,12259
60,1,12276
61,1,12282
62,1,12224
63,1,12239
64,1,12243
65,1,12255
66,1,12207
67,1,12266
68,1,12232
69,1,12226
70,1,12239
71,1,12182
72,1,12228
73,1,12302
74,1,12185
75,1,12235
76,1,12205
77,1,12251
78,1,12236
79,1,12213
80,1,12266
81,1,12236
82,1,12226
83,1,12187
84,1,12262
85,1,12263
86,1,12268
87,1,12244
88,1,12253
89,1,12299
90,1,12223
91,1,12201
92,1,12229
93,1,12265
94,1,12248
95,1,12268
96,1,12203
97,1,12213
98,1,12204
99,1,12255
100,1,12239
101,1,12207
102,1,12292
103,1,12229
104,1,12220
105,1,12261
106,1,12251
107,1,12220
108,1,12224
109,1,12209
110,1,12215
111,1,12283
112,1,12217
113,1,12250
114,1,12210
115,1,12187
116,1,12224
117,1,12271
118,1,12232
119,1,12232
120,1,12229
121,1,12191
122,1,12267
123,1,12196
124,1,12276
125,1,12174
126,1,12248
127,1,12251
128,1,12281
129,1,12249
130,1,12285
131,1,12266
132,1,12275
133,1,12201
134,1,12284
135,1,12247
136,1,12285
137,1,12282
138,1,12254
139,1,12291
140,1,11927
141,1,12337
142,1,12272
143,1,12239
144,1,12227
145,1,12253
146,1,12240
147,1,12287
148,1,12230
149,1,12253
150,1,12216
151,1,12263
152,1,12269
153,1,12267
154,1,12233
155,1,12286
156,1,12220
157,1,12296
158,1,12249
159,1,12202
160,1,12188
161,1,12206
162,1,12247
163,1,12214
164,1,12229
165,1,12181
166,1,12243
167,1,12235
168,1,12220
169,1,12225
170,1,12259
171,1,12268
172,1,12214
173,1,12261
174,1,12318
175,1,12234
176,1,12265
177,1,12296
178,1,12244
179,1,12273
180,1,12308
181,1,12267
182,1,12240
183,1,12251
184,1,12227
185,1,12276
186,1,12279
187,1,12269
188,1,12282
189,1,12306
190,1,12275
191,1,12262
192,1,12325
193,1,12313
194,1,12296
195,1,12311
196,1,12257
197,1,12292
198,1,12202
199,1,12263
200,1,12313
201,1,12271
202,1,12303
203,1,12247
204,1,12261
205,1,12200
206,1,12240
207,1,12282
208,1,12311
209,1,12278
210,1,12303
211,1,12271
212,1,12298
213,1,12256
214,1,12344
215,1,12341
216,1,12293
217,1,12276
218,1,12252
219,1,12353
220,1,12318
221,1,12277
222,1,12286
223,1,12285
224,1,12271
225,1,12371
226,1,12268
227,1,12237
228,1,12281
229,1,12246
230,1,12264
231,1,12322
232,1,12284
233,1,12271
234,1,12228
235,1,12267
236,1,12296
237,1,12277
238,1,12276
239,1,12256
240,1,12320
241,1,12315
242,1,12300
243,1,12295
244,1,12303
245,1,12318
246,1,12303
247,1,12326
248,1,12323
249,1,12337
250,1,12319
251,1,12312
252,1,12318
253,1,12298
254,1,12289
255,1,12330
256,1,12286
257,1,12256
258,1,12329
259,1,12300
260,1,12320
261,1,12295
262,1,12317
263,1,12308
264,1,12355
265,1,12305
266,1,12252
267,1,12283
268,1,12325
269,1,12321
270,1,12287
271,1,12335
272,1,12286
273,1,12362
274,1,12302
275,1,12335
276,1,12405
277,1,12341
278,1,12354
279,1,12349
280,1,12422
281,1,12314
282,1,12322
283,1,12319
284,1,12307
285,1,12331
286,1,12362
287,1,12285
288,1,12316
289,1,12287
290,1,12213
291,1,12341
292,1,12324
293,1,12355
294,1,12383
295,1,12224
296,1,12361
297,1,12364
298,1,12305
299,1,12299
300,1,12331
301,1,12332
302,1,12304
303,1,12306
304,1,12345
305,1,12389
306,1,12331
307,1,12345
308,1,12309
309,1,12346
310,1,12356
311,1,12388
312,1,12376
313,1,12371
314,1,12407
315,1,12437
316,1,12382
317,1,12402
318,1,12370
319,1,12424
320,1,12413
321,1,12428
322,1,12479
323,1,12489
324,1,12502
325,1,12566
326,1,12624
327,1,12875
328,1,13073
329,1,13196
330,1,13271
331,1,13335
332,1,13207
333,1,12996
334,1,12802
335,1,12632
336,1,12478
337,1,12419
338,1,12390
339,1,12339
340,1,12385
341,1,12343
342,1,12361
343,1,12396
344,1,12374
345,1,12377
346,1,12371
347,1,12318
348,1,12352
349,1,12344
350,1,12361
351,1,12364
352,1,12325
353,1,12377
354,1,12344
355,1,12401
356,1,12383
357,1,12330
358,1,12369
359,1,12352
360,1,12334
361,1,12388
362,1,12318
363,1,12381
364,1,12350
365,1,12382
366,1,12311
367,1,12394
368,1,12381
369,1,12415
370,1,12364
371,1,12342
372,1,12341
373,1,12381
374,1,12359
375,1,12319
376,1,12359
377,1,12412
378,1,12420
379,1,12371
380,1,12431
381,1,12426
382,1,12477
383,1,12413
384,1,12417
385,1,12452
386,1,12434
387,1,12353
388,1,12444
389,1,12376
390,1,12401
391,1,12388
392,1,12427
393,1,12466
394,1,12474
395,1,12493
396,1,12425
397,1,12431
398,1,12451
399,1,12450
400,1,12484
401,1,12427
402,1,12417
403,1,12394
404,1,12401
405,1,12450
406,1,12437
407,1,12472
408,1,12398
409,1,12421
410,1,12391
411,1,12422
412,1,12408
413,1,12378
414,1,12429
415,1,12381
416,1,12444
417,1,12465
418,1,12388
419,1,12469
420,1,12481
421,1,12435
422,1,12399
423,1,12359
424,1,12432
425,1,12419
426,1,12365
427,1,12406
428,1,12415
429,1,12361
430,1,12412
431,1,12417
432,1,12443
433,1,12370
434,1,12358
435,1,12393
436,1,12422
437,1,12407
438,1,12389
439,1,12399
440,1,12379
441,1,12406
442,1,12347
443,1,12385
444,1,12383
445,1,12378
446,1,12382
447,1,12384
448,1,12409
449,1,12362
450,1,12386
451,1,12391
452,1,12430
453,1,12392
454,1,12426
455,1,12421
456,1,12420
457,1,12378
458,1,12427
459,1,12402
460,1,12396
461,1,12371
462,1,12383
463,1,12394
464,1,12429
465,1,12423
466,1,12383
467,1,12422
468,1,12340
469,1,12367
470,1,12319
471,1,12353
472,1,12343
473,1,12324
474,1,12411
475,1,12407
476,1,12423
477,1,12377
478,1,12363
479,1,12427
480,1,12431
481,1,12354
482,1,12379
483,1,12386
484,1,12344
485,1,12424
486,1,12395
487,1,12359
488,1,12424
489,1,12449
490,1,12403
491,1,12350
492,1,12419
493,1,12384
494,1,12386
495,1,12407
496,1,12416
497,1,12409
498,1,12353
499,1,12370
500,1,12394
501,1,12456
502,1,12411
503,1,12401
504,1,12403
505,1,12441
506,1,12418
507,1,12388
508,1,12388
509,1,12395
510,1,12380
511,1,12399
512,1,12461
513,1,12411
514,1,12479
515,1,12418
516,1,12472
517,1,12428
518,1,12494
519,1,12378
520,1,12470
521,1,12422
522,1,12461
523,1,12400
524,1,12446
525,1,12434
526,1,12455
527,1,12425
528,1,12440
529,1,12378
530,1,12408
531,1,12445
532,1,12416
533,1,12497
534,1,12449
535,1,12415
536,1,12448
537,1,12451
538,1,12411
539,1,12422
540,1,12458
541,1,12427
542,1,12525
543,1,12423
544,1,12430
545,1,12418
546,1,12457
547,1,12460
548,1,12453
549,1,12473
550,1,12421
551,1,12454
552,1,12413
553,1,12498
554,1,12503
555,1,12496
556,1,12462
557,1,12413
558,1,12493
559,1,12441
560,1,12404
561,1,12495
562,1,12505
563,1,12429
564,1,12475
565,1,12466
566,1,12453
567,1,12509
568,1,12515
569,1,12464
570,1,12512
571,1,12507
572,1,12487
573,1,12479
574,1,12532
575,1,12475
576,1,12515
577,1,12476
578,1,12523
579,1,12477
580,1,12509
581,1,12504
582,1,12440
583,1,12469
584,1,12477
585,1,12448
586,1,12494
587,1,12497
588,1,12624
589,1,12551
590,1,12478
591,1,12505
592,1,12549
593,1,12594
594,1,12473
595,1,12537
596,1,12526
597,1,12551
598,1,12539
599,1,12522
600,1,12529
601,1,12543
602,1,12544
603,1,12585
604,1,12596
605,1,12584
606,1,12559
607,1,12606
608,1,12512
609,1,12517
610,1,12487
611,1,12554
612,1,12589
613,1,12500
614,1,12544
615,1,12573
616,1,12532
617,1,12561
618,1,12569
619,1,12564
620,1,12526
621,1,12482
622,1,12499
623,1,12557
624,1,12559
625,1,12481
626,1,12489
627,1,12571
628,1,12543
629,1,12498
630,1,12550
631,1,12521
632,1,12648
633,1,12500
634,1,12525
635,1,12479
636,1,12554
637,1,12515
638,1,12515
639,1,12539
640,1,12539
641,1,12536
642,1,12548
643,1,12538
644,1,12593
645,1,12610
646,1,12551
647,1,12517
648,1,12544
649,1,12540
650,1,12540
651,1,12527
652,1,12524
653,1,12567
654,1,12536
655,1,12533
656,1,12529
657,1,12557
658,1,12568
659,1,12568
660,1,12536
661,1,12569
662,1,12583
663,1,12579
664,1,12531
665,1,12557
666,1,12543
667,1,12528
668,1,12532
669,1,12520
670,1,12542
671,1,12580
672,1,12548
673,1,12542
674,1,12492
675,1,12529
676,1,12546
677,1,12578
678,1,12549
679,1,12565
680,1,12530
681,1,12524
682,1,12511
683,1,12533
684,1,12553
685,1,12545
686,1,12558
687,1,12520
688,1,12611
689,1,12542
690,1,12536
691,1,12526
692,1,12494
693,1,12554
694,1,12520
695,1,12570
696,1,12572
697,1,12587
698,1,12575
699,1,12596
700,1,12610
701,1,12556
702,1,12575
703,1,12499
704,1,12556
705,1,12571
706,1,12500
707,1,12549
708,1,12544
709,1,12554
710,1,12570
711,1,12513
712,1,12562
713,1,12552
714,1,12547
715,1,12539
716,1,12530
717,1,12562
718,1,12567
719,1,12599
720,1,12573
721,1,12556
722,1,12550
723,1,12571
724,1,12603
725,1,12489
726,1,12500
727,1,12540
728,1,12561
729,1,12602
730,1,12621
731,1,12563
732,1,12584
733,1,12579
734,1,12540
735,1,12558
736,1,12587
737,1,12592
738,1,12576
739,1,12556
740,1,12577
741,1,12532
742,1,12583
743,1,12555
744,1,12561
745,1,12530
746,1,12549
747,1,12536
748,1,12560
749,1,12541
750,1,12594
751,1,12549
752,1,12531
753,1,12564
754,1,12541
755,1,12601
756,1,12577
757,1,12634
758,1,12553
759,1,12556
760,1,12549
761,1,12506
762,1,12555
763,1,12569
764,1,12596
765,1,12584
766,1,12568
767,1,12565
768,1,12536
769,1,12549
770,1,12627
771,1,12585
772,1,12607
773,1,12577
774,1,12601
775,1,12627
776,1,12583
777,1,12562
778,1,12616
779,1,12630
780,1,12600
781,1,12650
782,1,12602
783,1,12570
784,1,12609
785,1,12599
786,1,12643
787,1,12562
788,1,12606
789,1,12574
790,1,12614
791,1,12568
792,1,12597
793,1,12609
794,1,12567
795,1,12602
796,1,12594
797,1,12610
798,1,12577
799,1,12509
800,1,12539
801,1,12557
802,1,12586
803,1,12537
804,1,12590
805,1,12583
806,1,12595
807,1,12592
808,1,12613
809,1,12618
810,1,12567
811,1,12585
812,1,12555
813,1,12564
814,1,12731
815,1,12685
816,1,12579
817,1,12552
818,1,12573
819,1,12615
820,1,12552
821,1,12610
822,1,12607
823,1,12605
824,1,12628
825,1,12636
826,1,12642
827,1,12597
828,1,12606
829,1,12636
830,1,12612
831,1,12554
832,1,12608
833,1,12639
834,1,12602
835,1,12624
836,1,12675
837,1,12617
838,1,12615
839,1,12605
840,1,12679
841,1,12655
842,1,12686
843,1,12642
844,1,12616
845,1,12656
846,1,12641
847,1,12680
848,1,12756
849,1,12663
850,1,12635
851,1,12671
852,1,12713
853,1,12643
854,1,12634
855,1,12659
856,1,12621
857,1,12634
858,1,12659
859,1,12646
860,1,12683
861,1,12670
862,1,12638
863,1,12705
864,1,12716
865,1,12660
866,1,12709
867,1,12696
868,1,12707
869,1,12651
870,1,12680
871,1,12699
872,1,12685
873,1,12685
874,1,12733
875,1,12694
876,1,12642
877,1,12700
878,1,12702
879,1,12666
880,1,12687
881,1,12729
882,1,12688
883,1,12614
884,1,12649
885,1,12667
886,1,12684
887,1,12685
888,1,12638
889,1,12720
890,1,12671
891,1,12583
892,1,12714
893,1,12665
894,1,12675
895,1,12623
896,1,12720
897,1,12714
898,1,12730
899,1,12759
900,1,12773
901,1,12724
902,1,12698
903,1,12759
904,1,12704
905,1,12628
906,1,12728
907,1,12693
908,1,12679
909,1,12806
910,1,12669
911,1,12732
912,1,12741
913,1,12673
914,1,12736
915,1,12747
916,1,12767
917,1,12781
918,1,12790
919,1,12797
920,1,12764
921,1,12790
922,1,12810
923,1,12772
924,1,12878
925,1,12818
926,1,12764
927,1,12813
928,1,12884
929,1,12806
930,1,12832
931,1,12863
932,1,12812
933,1,12841
934,1,12897
935,1,12895
936,1,12865
937,1,12845
938,1,12876
939,1,12853
940,1,12897
941,1,12913
942,1,12883
943,1,12853
944,1,12922
945,1,12910
946,1,12865
947,1,12897
948,1,12887
949,1,12938
950,1,12832
951,1,12838
952,1,12900
953,1,12858
954,1,12904
955,1,12919
956,1,12890
957,1,12801
958,1,12868
959,1,12862
960,1,12856
961,1,12869
962,1,12895
963,1,12891
964,1,12912
965,1,12922
966,1,12894
967,1,12931
968,1,12907
969,1,12920
970,1,12940
971,1,12947
972,1,12910
973,1,12942
974,1,12930
975,1,12926
976,1,12863
977,1,12855
978,1,12944
979,1,12873
980,1,12852
981,1,12845
982,1,12857
983,1,12876
984,1,12851
985,1,12849
986,1,12815
987,1,12866
988,1,12858
989,1,12889
990,1,12842
991,1,12885
992,1,12867
993,1,12896
994,1,12938
995,1,12866
996,1,12924
997,1,12890
998,1,12867
999,1,12834
1000,1,12822
1001,1,12830
1002,1,12801
1003,1,12823
1004,1,12861
1005,1,12777
1006,1,12771
1007,1,12771
1008,1,12774
1009,1,12736
1010,1,14824
1011,1,12792
1012,1,12819
1013,1,12723
1014,1,12734
1015,1,12802
1016,1,12690
1017,1,12791
1018,1,12752
1019,1,12780
1020,1,12763
1021,1,12806
1022,1,12823
1023,1,12769
1024,1,12835
1025,1,12868
1026,1,12760
1027,1,12808
1028,1,12816
1029,1,12768
1030,1,12789
1031,1,12834
1032,1,12780
1033,1,12840
1034,1,12841
1035,1,12812
1036,1,12819
1037,1,12826
1038,1,12842
1039,1,12862
1040,1,12833
1041,1,12819
1042,1,12830
1043,1,12879
1044,1,12834
1045,1,12881
1046,1,12799
1047,1,12829
1048,1,12812
1049,1,12849
1050,1,12919
1051,1,12874
1052,1,12885
1053,1,12831
1054,1,12781
1055,1,12762
1056,1,12878
1057,1,12796
1058,1,12778
1059,1,12806
1060,1,12790
1061,1,12783
1062,1,12793
1063,1,12857
1064,1,12795
1065,1,12834
1066,1,12841
1067,1,12784
1068,1,12821
1069,1,12780
1070,1,12740
1071,1,12833
1072,1,12853
1073,1,12770
1074,1,12801
1075,1,12754
1076,1,12803
1077,1,12812
1078,1,12759
1079,1,12809
1080,1,12780
1081,1,12785
1082,1,12806
1083,1,12796
1084,1,12813
1085,1,12731
1086,1,12744
1087,1,12754
1088,1,12748
1089,1,12765
1090,1,12808
1091,1,12780
1092,1,12859
1093,1,12836
1094,1,12826
1095,1,12767
1096,1,12769
1097,1,12740
1098,1,12862
1099,1,12774
1100,1,12826
1101,1,12825
1102,1,12771
1103,1,12784
1104,1,12785
1105,1,12776
1106,1,12805
1107,1,12814
1108,1,12776
1109,1,12768
1110,1,12763
1111,1,12848
1112,1,12821
1113,1,12808
1114,1,12732
1115,1,12836
1116,1,12799
1117,1,12821
1118,1,12858
1119,1,12786
1120,1,12765
1121,1,12788
1122,1,12707
1123,1,12783
1124,1,12795
1125,1,12877
1126,1,12800
1127,1,12809
1128,1,12843
1129,1,12772
1130,1,12817
1131,1,12810
1132,1,12824
1133,1,12882
1134,1,12789
1135,1,12750
1136,1,12801
1137,1,12810
1138,1,12804
1139,1,12791
1140,1,12789
1141,1,12828
1142,1,12804
1143,1,12824
1144,1,12831
1145,1,12826
1146,1,12848
1147,1,12803
1148,1,12748
1149,1,12751
1150,1,12794
1151,1,12793
1152,1,12790
1153,1,12793
1154,1,12835
1155,1,12828
1156,1,12842
1157,1,12774
1158,1,12785
1159,1,12803
1160,1,12806
1161,1,12850
1162,1,12803
1163,1,12784
1164,1,12802
1165,1,12797
1166,1,12825
1167,1,12789
1168,1,12797
1169,1,12804
1170,1,12840
1171,1,12797
1172,1,12807
1173,1,12831
1174,1,12791
1175,1,12825
1176,1,12875
1177,1,12864
1178,1,12784
1179,1,12859
1180,1,12834
1181,1,12850
1182,1,12817
1183,1,12804
1184,1,12826
1185,1,12835
1186,1,12846
1187,1,12788
1188,1,12842
1189,1,12874
1190,1,12819
1191,1,12788
1192,1,12811
1193,1,12754
1194,1,12876
1195,1,12857
1196,1,12786
1197,1,12843
1198,1,12881
1199,1,12828
1200,1,12828
1201,1,12858
1202,1,12902
1203,1,12818
1204,1,12860
1205,1,12836
1206,1,12808
1207,1,12824
1208,1,12806
1209,1,12852
1210,1,12875
1211,1,12824
1212,1,12844
1213,1,12817
1214,1,12812
1215,1,12811
1216,1,12866
1217,1,12849
1218,1,12778
1219,1,12823
1220,1,12890
1221,1,12831
1222,1,12853
1223,1,12832
1224,1,12828
1225,1,12808
1226,1,12855
1227,1,12746
1228,1,12909
1229,1,12905
1230,1,12811
1231,1,12821
1232,1,12835
1233,1,12829
1234,1,12808
1235,1,12824
1236,1,12818
1237,1,12862
1238,1,12764
1239,1,12866
1240,1,12805
1241,1,12905
1242,1,12815
1243,1,12888
1244,1,12850
1245,1,12863
1246,1,12869
1247,1,12891
1248,1,12856
1249,1,12894
1250,1,12860
1251,1,12843
1252,1,12836
1253,1,12833
1254,1,12800
1255,1,12820
1256,1,12869
1257,1,12811
1258,1,12871
1259,1,12802
1260,1,12866
1261,1,12870
1262,1,12831
1263,1,12817
1264,1,12854
1265,1,12889
1266,1,12856
1267,1,12837
1268,1,12840
1269,1,12875
1270,1,12944
1271,1,12910
1272,1,12908
1273,1,12883
1274,1,12870
1275,1,12918
1276,1,12851
1277,1,12890
1278,1,12892
1279,1,12898
1280,1,12855
1281,1,12914
1282,1,12881
1283,1,12831
1284,1,12854
1285,1,12965
1286,1,12755
1287,1,12892
1288,1,12889
1289,1,12915
1290,1,12875
1291,1,12869
1292,1,12908
1293,1,12873
1294,1,12907
1295,1,12876
1296,1,12925
1297,1,12966
1298,1,12884
1299,1,12901
1300,1,12956
1301,1,12897
1302,1,12905
1303,1,12852
1304,1,12949
1305,1,12873
1306,1,12928
1307,1,12939
1308,1,12912
1309,1,12880
1310,1,12909
1311,1,12901
1312,1,12935
1313,1,12885
1314,1,12942
1315,1,12866
1316,1,12924
1317,1,12939
1318,1,12902
1319,1,12947
1320,1,12870
1321,1,12944
1322,1,12956
1323,1,12945
1324,1,12902
1325,1,12963
1326,1,12968
1327,1,12940
1328,1,12960
1329,1,12985
1330,1,12938
1331,1,13033
1332,1,12998
1333,1,13034
1334,1,13005
1335,1,12981
1336,1,12991
1337,1,12992
1338,1,12983
1339,1,13014
1340,1,13002
