1,1,11906
2,1,12222
3,1,12319
4,1,12237
5,1,12226
6,1,12229
7,1,12223
8,1,12252
9,1,12176
10,1,12167
11,1,12186
12,1,12202
13,1,12218
14,1,12159
15,1,12172
16,1,12137
17,1,12131
18,1,12182
19,1,12228
20,1,12152
21,1,12225
22,1,12181
23,1,12196
24,1,12203
25,1,12237
26,1,12179
27,1,12194
28,1,12214
29,1,12234
30,1,12251
31,1,12205
32,1,12242
33,1,12208
34,1,12257
35,1,12276
36,1,12271
37,1,12257
38,1,12275
39,1,12285
40,1,12277
41,1,12225
42,1,12271
43,1,12281
44,1,12240
45,1,12227
46,1,12235
47,1,12300
48,1,12268
49,1,12282
50,1,12264
51,1,12266
52,1,12329
53,1,12279
54,1,12300
55,1,12279
56,1,12244
57,1,12262
58,1,12302
59,1,12254
60,1,12292
61,1,12296
62,1,12277
63,1,12234
64,1,12281
65,1,12274
66,1,12267
67,1,12237
68,1,12314
69,1,12236
70,1,12214
71,1,12262
72,1,12253
73,1,12229
74,1,12200
75,1,12202
76,1,12245
77,1,12247
78,1,12270
79,1,12222
80,1,12278
81,1,12263
82,1,12268
83,1,12205
84,1,12264
85,1,12233
86,1,12261
87,1,12266
88,1,12324
89,1,12312
90,1,12225
91,1,12231
92,1,12252
93,1,12217
94,1,12218
95,1,12307
96,1,12241
97,1,12263
98,1,12222
99,1,12213
100,1,12303
101,1,12193
102,1,12284
103,1,12277
104,1,12266
105,1,12226
106,1,12288
107,1,12237
108,1,12265
109,1,12224
110,1,12274
111,1,12217
112,1,12213
113,1,12275
114,1,12196
115,1,12210
116,1,12232
117,1,12274
118,1,12268
119,1,12274
120,1,12311
121,1,12236
122,1,12272
123,1,12279
124,1,12296
125,1,12211
126,1,12316
127,1,12298
128,1,12256
129,1,12247
130,1,12244
131,1,12249
132,1,12223
133,1,12257
134,1,12241
135,1,12263
136,1,12229
137,1,12249
138,1,12266
139,1,12287
140,1,11977
141,1,12345
142,1,12296
143,1,12201
144,1,12214
145,1,12283
146,1,12274
147,1,12314
148,1,12244
149,1,12262
150,1,12242
151,1,12273
152,1,12242
153,1,12242
154,1,12299
155,1,12254
156,1,12265
157,1,12295
158,1,12229
159,1,12243
160,1,12275
161,1,12233
162,1,12279
163,1,12232
164,1,12285
165,1,12297
166,1,12265
167,1,12275
168,1,12266
169,1,12275
170,1,12241
171,1,12227
172,1,12258
173,1,12245
174,1,12311
175,1,12265
176,1,12283
177,1,12280
178,1,12294
179,1,12342
180,1,12291
181,1,12346
182,1,12310
183,1,12295
184,1,12300
185,1,12340
186,1,12329
187,1,12290
188,1,12240
189,1,12319
190,1,12302
191,1,12290
192,1,12311
193,1,12303
194,1,12341
195,1,12356
196,1,12321
197,1,12321
198,1,12275
199,1,12361
200,1,12315
201,1,12343
202,1,12342
203,1,12275
204,1,12302
205,1,12331
206,1,12319
207,1,12381
208,1,12353
209,1,12343
210,1,12352
211,1,12330
212,1,12327
213,1,12320
214,1,12361
215,1,12340
216,1,12345
217,1,12305
218,1,12301
219,1,12346
220,1,12406
221,1,12340
222,1,12362
223,1,12340
224,1,12357
225,1,12360
226,1,12317
227,1,12369
228,1,12332
229,1,12326
230,1,12401
231,1,12371
232,1,12333
233,1,12339
234,1,12317
235,1,12318
236,1,12386
237,1,12369
238,1,12389
239,1,12373
240,1,12361
241,1,12356
242,1,12395
243,1,12355
244,1,12327
245,1,12395
246,1,12369
247,1,12380
248,1,12414
249,1,12330
250,1,12382
251,1,12432
252,1,12437
253,1,12333
254,1,12396
255,1,12422
256,1,12373
257,1,12358
258,1,12405
259,1,12373
260,1,12419
261,1,12456
262,1,12364
263,1,12407
264,1,12442
265,1,12401
266,1,12401
267,1,12361
268,1,12380
269,1,12396
270,1,12382
271,1,12504
272,1,12409
273,1,12430
274,1,12418
275,1,12387
276,1,12447
277,1,12385
278,1,12485
279,1,12436
280,1,12450
281,1,12391
282,1,12465
283,1,12438
284,1,12411
285,1,12441
286,1,12451
287,1,12454
288,1,12430
289,1,12399
290,1,12340
291,1,12464
292,1,12433
293,1,12438
294,1,12453
295,1,12293
296,1,12450
297,1,12461
298,1,12403
299,1,12366
300,1,12405
301,1,12449
302,1,12422
303,1,12431
304,1,12389
305,1,12426
306,1,12419
307,1,12404
308,1,12453
309,1,12488
310,1,12484
311,1,12473
312,1,12508
313,1,12576
314,1,12526
315,1,12586
316,1,12567
317,1,12601
318,1,12608
319,1,12581
320,1,12535
321,1,12617
322,1,12605
323,1,12745
324,1,12804
325,1,13041
326,1,13451
327,1,13995
328,1,14418
329,1,14816
330,1,15060
331,1,14979
332,1,14636
333,1,14105
334,1,13548
335,1,13148
336,1,12777
337,1,12640
338,1,12475
339,1,12481
340,1,12459
341,1,12487
342,1,12511
343,1,12444
344,1,12482
345,1,12544
346,1,12512
347,1,12436
348,1,12496
349,1,12479
350,1,12516
351,1,12515
352,1,12466
353,1,12521
354,1,12510
355,1,12488
356,1,12532
357,1,12487
358,1,12484
359,1,12451
360,1,12508
361,1,12412
362,1,12498
363,1,12515
364,1,12529
365,1,12462
366,1,12498
367,1,12563
368,1,12519
369,1,12520
370,1,12579
371,1,12524
372,1,12474
373,1,12464
374,1,12534
375,1,12462
376,1,12459
377,1,12595
378,1,12551
379,1,12517
380,1,12534
381,1,12541
382,1,12599
383,1,12627
384,1,12528
385,1,12583
386,1,12589
387,1,12594
388,1,12603
389,1,12621
390,1,12611
391,1,12611
392,1,12692
393,1,12609
394,1,12642
395,1,12642
396,1,12665
397,1,12625
398,1,12698
399,1,12669
400,1,12707
401,1,12651
402,1,12664
403,1,12639
404,1,12602
405,1,12704
406,1,12696
407,1,12656
408,1,12673
409,1,12642
410,1,12609
411,1,12664
412,1,12624
413,1,12660
414,1,12680
415,1,12637
416,1,12671
417,1,12600
418,1,12638
419,1,12628
420,1,12644
421,1,12638
422,1,12596
423,1,12633
424,1,12648
425,1,12570
426,1,12589
427,1,12594
428,1,12635
429,1,12578
430,1,12553
431,1,12611
432,1,12537
433,1,12596
434,1,12629
435,1,12608
436,1,12564
437,1,12594
438,1,12552
439,1,12511
440,1,12527
441,1,12559
442,1,12501
443,1,12532
444,1,12621
445,1,12538
446,1,12539
447,1,12442
448,1,12566
449,1,12554
450,1,12536
451,1,12530
452,1,12554
453,1,12539
454,1,12550
455,1,12560
456,1,12570
457,1,12549
458,1,12549
459,1,12544
460,1,12494
461,1,12512
462,1,12533
463,1,12549
464,1,12507
465,1,12490
466,1,12456
467,1,12509
468,1,12489
469,1,12439
470,1,12483
471,1,12463
472,1,12528
473,1,12497
474,1,12555
475,1,12515
476,1,12429
477,1,12492
478,1,12501
479,1,12535
480,1,12535
481,1,12478
482,1,12497
483,1,12463
484,1,12474
485,1,12542
486,1,12500
487,1,12484
488,1,12501
489,1,12517
490,1,12527
491,1,12532
492,1,12501
493,1,12534
494,1,12503
495,1,12526
496,1,12533
497,1,12560
498,1,12545
499,1,12488
500,1,12550
501,1,12520
502,1,12474
503,1,12527
504,1,12572
505,1,12536
506,1,12524
507,1,12550
508,1,12498
509,1,12539
510,1,12572
511,1,12570
512,1,12552
513,1,12582
514,1,12580
515,1,12599
516,1,12657
517,1,12541
518,1,12529
519,1,12591
520,1,12578
521,1,12597
522,1,12605
523,1,12590
524,1,12642
525,1,12608
526,1,12583
527,1,12589
528,1,12591
529,1,12558
530,1,12590
531,1,12616
532,1,12619
533,1,12575
534,1,12615
535,1,12621
536,1,12561
537,1,12603
538,1,12585
539,1,12632
540,1,12596
541,1,12627
542,1,12633
543,1,12618
544,1,12606
545,1,12580
546,1,12565
547,1,12553
548,1,12631
549,1,12588
550,1,12573
551,1,12639
552,1,12667
553,1,12623
554,1,12642
555,1,12631
556,1,12571
557,1,12673
558,1,12686
559,1,12637
560,1,12637
561,1,12695
562,1,12628
563,1,12678
564,1,12666
565,1,12707
566,1,12683
567,1,12738
568,1,12691
569,1,12738
570,1,12728
571,1,12742
572,1,12692
573,1,12742
574,1,12669
575,1,12739
576,1,12668
577,1,12704
578,1,12687
579,1,12716
580,1,12710
581,1,12742
582,1,12696
583,1,12739
584,1,12690
585,1,12660
586,1,12756
587,1,12724
588,1,12832
589,1,12814
590,1,12787
591,1,12804
592,1,12805
593,1,12797
594,1,12805
595,1,12802
596,1,12774
597,1,12830
598,1,12850
599,1,12832
600,1,12879
601,1,12867
602,1,12919
603,1,12827
604,1,12853
605,1,12876
606,1,12846
607,1,12878
608,1,12875
609,1,12808
610,1,12832
611,1,12810
612,1,12840
613,1,12832
614,1,12824
615,1,12812
616,1,12811
617,1,12814
618,1,12749
619,1,12798
620,1,12778
621,1,12769
622,1,12786
623,1,12837
624,1,12799
625,1,12799
626,1,12756
627,1,12802
628,1,12808
629,1,12777
630,1,12769
631,1,12784
632,1,12874
633,1,12749
634,1,12774
635,1,12731
636,1,12754
637,1,12734
638,1,12745
639,1,12762
640,1,12738
641,1,12777
642,1,12768
643,1,12792
644,1,12801
645,1,12810
646,1,12773
647,1,12787
648,1,12772
649,1,12810
650,1,12752
651,1,12805
652,1,12848
653,1,12799
654,1,12799
655,1,12880
656,1,12829
657,1,12757
658,1,12811
659,1,12843
660,1,12798
661,1,12833
662,1,12940
663,1,12880
664,1,12783
665,1,12789
666,1,12763
667,1,12809
668,1,12791
669,1,12761
670,1,12834
671,1,12804
672,1,12810
673,1,12814
674,1,12741
675,1,12798
676,1,12787
677,1,12752
678,1,12810
679,1,12805
680,1,12797
681,1,12796
682,1,12745
683,1,12776
684,1,12810
685,1,12760
686,1,12747
687,1,12757
688,1,12832
689,1,12797
690,1,12772
691,1,12789
692,1,12744
693,1,12791
694,1,12780
695,1,12795
696,1,12836
697,1,12797
698,1,12783
699,1,12772
700,1,12774
701,1,12763
702,1,12779
703,1,12763
704,1,12725
705,1,12780
706,1,12744
707,1,12731
708,1,12792
709,1,12869
710,1,12866
711,1,12783
712,1,12766
713,1,12799
714,1,12757
715,1,12769
716,1,12770
717,1,12818
718,1,12785
719,1,12811
720,1,12842
721,1,12738
722,1,12770
723,1,12816
724,1,12787
725,1,12825
726,1,12759
727,1,12850
728,1,12781
729,1,12841
730,1,12828
731,1,12770
732,1,12811
733,1,12775
734,1,12812
735,1,12823
736,1,12750
737,1,12820
738,1,12794
739,1,12769
740,1,12832
741,1,12732
742,1,12824
743,1,12827
744,1,12772
745,1,12815
746,1,12707
747,1,12770
748,1,12808
749,1,12807
750,1,12819
751,1,12739
752,1,12784
753,1,12812
754,1,12749
755,1,12801
756,1,12773
757,1,12845
758,1,12774
759,1,12830
760,1,12820
761,1,12775
762,1,12761
763,1,12840
764,1,12883
765,1,12851
766,1,12784
767,1,12817
768,1,12827
769,1,12837
770,1,12905
771,1,12885
772,1,12857
773,1,12915
774,1,12849
775,1,12921
776,1,12878
777,1,12906
778,1,12858
779,1,12857
780,1,12886
781,1,12828
782,1,12826
783,1,12900
784,1,12895
785,1,12874
786,1,12909
787,1,12881
788,1,12845
789,1,12870
790,1,12830
791,1,12784
792,1,12821
793,1,12794
794,1,12811
795,1,12803
796,1,12775
797,1,12831
798,1,12805
799,1,12811
800,1,12816
801,1,12735
802,1,12807
803,1,12751
804,1,12787
805,1,12788
806,1,12726
807,1,12778
808,1,12836
809,1,12775
810,1,12815
811,1,12817
812,1,12826
813,1,12809
814,1,12879
815,1,12978
816,1,12869
817,1,12835
818,1,12843
819,1,12816
820,1,12777
821,1,12880
822,1,12856
823,1,12823
824,1,12808
825,1,12861
826,1,12905
827,1,12829
828,1,12900
829,1,12905
830,1,12860
831,1,12917
832,1,12895
833,1,12895
834,1,12910
835,1,12878
836,1,12909
837,1,12868
838,1,12964
839,1,12925
840,1,12961
841,1,12946
842,1,12968
843,1,12921
844,1,12915
845,1,12976
846,1,12952
847,1,12904
848,1,12982
849,1,12914
850,1,12925
851,1,12967
852,1,13026
853,1,12978
854,1,12979
855,1,12973
856,1,12981
857,1,12955
858,1,13008
859,1,12916
860,1,13017
861,1,12998
862,1,13013
863,1,12996
864,1,13033
865,1,13044
866,1,13117
867,1,13092
868,1,13063
869,1,13029
870,1,13116
871,1,13037
872,1,13050
873,1,13069
874,1,13074
875,1,13108
876,1,13050
877,1,13087
878,1,13107
879,1,12978
880,1,13036
881,1,13022
882,1,12976
883,1,13054
884,1,12980
885,1,12952
886,1,13003
887,1,13008
888,1,12992
889,1,12951
890,1,12988
891,1,12944
892,1,13062
893,1,13010
894,1,13096
895,1,12977
896,1,13044
897,1,13130
898,1,13056
899,1,13042
900,1,13139
901,1,13006
902,1,13146
903,1,13114
904,1,12988
905,1,13009
906,1,13010
907,1,13112
908,1,13055
909,1,13104
910,1,13053
911,1,13124
912,1,13044
913,1,13134
914,1,13076
915,1,13150
916,1,13170
917,1,13169
918,1,13168
919,1,13155
920,1,13258
921,1,13153
922,1,13282
923,1,13277
924,1,13285
925,1,13354
926,1,13305
927,1,13353
928,1,13287
929,1,13331
930,1,13376
931,1,13368
932,1,13374
933,1,13458
934,1,13451
935,1,13390
936,1,13360
937,1,13364
938,1,13396
939,1,13433
940,1,13473
941,1,13367
942,1,13388
943,1,13387
944,1,13359
945,1,13322
946,1,13291
947,1,13393
948,1,13410
949,1,13434
950,1,13333
951,1,13380
952,1,13363
953,1,13369
954,1,13410
955,1,13477
956,1,13404
957,1,13486
958,1,13392
959,1,13387
960,1,13451
961,1,13486
962,1,13469
963,1,13436
964,1,13448
965,1,13519
966,1,13478
967,1,13457
968,1,13446
969,1,13480
970,1,13510
971,1,13519
972,1,13476
973,1,13468
974,1,13478
975,1,13487
976,1,13392
977,1,13421
978,1,13447
979,1,13374
980,1,13405
981,1,13319
982,1,13365
983,1,13326
984,1,13426
985,1,13316
986,1,13314
987,1,13378
988,1,13386
989,1,13429
990,1,13364
991,1,13447
992,1,13367
993,1,13414
994,1,13418
995,1,13406
996,1,13442
997,1,13344
998,1,13345
999,1,13347
1000,1,13321
1001,1,13303
1002,1,13244
1003,1,13243
1004,1,13234
1005,1,13137
1006,1,13230
1007,1,13208
1008,1,13183
1009,1,13152
1010,1,15192
1011,1,13114
1012,1,13124
1013,1,13064
1014,1,13091
1015,1,13045
1016,1,13092
1017,1,13145
1018,1,13049
1019,1,13089
1020,1,13143
1021,1,13067
1022,1,13134
1023,1,13109
1024,1,13132
1025,1,13098
1026,1,13179
1027,1,13126
1028,1,13170
1029,1,13137
1030,1,13149
1031,1,13084
1032,1,13209
1033,1,13130
1034,1,13200
1035,1,13200
1036,1,13222
1037,1,13273
1038,1,13278
1039,1,13284
1040,1,13263
1041,1,13274
1042,1,13332
1043,1,13316
1044,1,13372
1045,1,13341
1046,1,13348
1047,1,13367
1048,1,13396
1049,1,13398
1050,1,13376
1051,1,13302
1052,1,13313
1053,1,13305
1054,1,13258
1055,1,13201
1056,1,13244
1057,1,13202
1058,1,13215
1059,1,13157
1060,1,13226
1061,1,13182
1062,1,13163
1063,1,13147
1064,1,13179
1065,1,13122
1066,1,13167
1067,1,13175
1068,1,13127
1069,1,13094
1070,1,13074
1071,1,13142
1072,1,13066
1073,1,13037
1074,1,13041
1075,1,13126
1076,1,13134
1077,1,13084
1078,1,13040
1079,1,13003
1080,1,13024
1081,1,13073
1082,1,13083
1083,1,13125
1084,1,13107
1085,1,13048
1086,1,12969
1087,1,13068
1088,1,13103
1089,1,13073
1090,1,13062
1091,1,13066
1092,1,13065
1093,1,13051
1094,1,13044
1095,1,13046
1096,1,13023
1097,1,13033
1098,1,13052
1099,1,13020
1100,1,13084
1101,1,13040
1102,1,13065
1103,1,13066
1104,1,13069
1105,1,13007
1106,1,13048
1107,1,13054
1108,1,13081
1109,1,13043
1110,1,13066
1111,1,13044
1112,1,13101
1113,1,13053
1114,1,12966
1115,1,13010
1116,1,13049
1117,1,13034
1118,1,13105
1119,1,13057
1120,1,13019
1121,1,13058
1122,1,13075
1123,1,13069
1124,1,13093
1125,1,13099
1126,1,13095
1127,1,13072
1128,1,13017
1129,1,13065
1130,1,13067
1131,1,13063
1132,1,13077
1133,1,13102
1134,1,13116
1135,1,13076
1136,1,13032
1137,1,13021
1138,1,13027
1139,1,13084
1140,1,13027
1141,1,13031
1142,1,13135
1143,1,13093
1144,1,13028
1145,1,13040
1146,1,13040
1147,1,13023
1148,1,13008
1149,1,13030
1150,1,13042
1151,1,13045
1152,1,13133
1153,1,13081
1154,1,12957
1155,1,13070
1156,1,13092
1157,1,13039
1158,1,13069
1159,1,13074
1160,1,13062
1161,1,13056
1162,1,13097
1163,1,13018
1164,1,13148
1165,1,13024
1166,1,13041
1167,1,13080
1168,1,13072
1169,1,13044
1170,1,13063
1171,1,13092
1172,1,13085
1173,1,13029
1174,1,13014
1175,1,13060
1176,1,13050
1177,1,13081
1178,1,13074
1179,1,13065
1180,1,13034
1181,1,13072
1182,1,13098
1183,1,13083
1184,1,13155
1185,1,13052
1186,1,13137
1187,1,13081
1188,1,13067
1189,1,13066
1190,1,13072
1191,1,13050
1192,1,13078
1193,1,13037
1194,1,13065
1195,1,13039
1196,1,13062
1197,1,13100
1198,1,13076
1199,1,13047
1200,1,13094
1201,1,13031
1202,1,13061
1203,1,13112
1204,1,13103
1205,1,13050
1206,1,13134
1207,1,13012
1208,1,13107
1209,1,13097
1210,1,13103
1211,1,13146
1212,1,13135
1213,1,13100
1214,1,13083
1215,1,13140
1216,1,13062
1217,1,13093
1218,1,13120
1219,1,13142
1220,1,13138
1221,1,13092
1222,1,13119
1223,1,13084
1224,1,13070
1225,1,13065
1226,1,13089
1227,1,13017
1228,1,13104
1229,1,13123
1230,1,13075
1231,1,13079
1232,1,13059
1233,1,13162
1234,1,13120
1235,1,13072
1236,1,13103
1237,1,13123
1238,1,13095
1239,1,13070
1240,1,13085
1241,1,13088
1242,1,13141
1243,1,13118
1244,1,13058
1245,1,13080
1246,1,13065
1247,1,13103
1248,1,13065
1249,1,13085
1250,1,13060
1251,1,13106
1252,1,13125
1253,1,13118
1254,1,13111
1255,1,13043
1256,1,13137
1257,1,13113
1258,1,13150
1259,1,13158
1260,1,13074
1261,1,13149
1262,1,13143
1263,1,13140
1264,1,13125
1265,1,13139
1266,1,13098
1267,1,13088
1268,1,13066
1269,1,13106
1270,1,13143
1271,1,13162
1272,1,13124
1273,1,13080
1274,1,13093
1275,1,13087
1276,1,13160
1277,1,13082
1278,1,13141
1279,1,13070
1280,1,13139
1281,1,13134
1282,1,13220
1283,1,13134
1284,1,13150
1285,1,13265
1286,1,12961
1287,1,13192
1288,1,13188
1289,1,13188
1290,1,13106
1291,1,13127
1292,1,13120
1293,1,13152
1294,1,13148
1295,1,13140
1296,1,13144
1297,1,13134
1298,1,13169
1299,1,13190
1300,1,13109
1301,1,13141
1302,1,13109
1303,1,13173
1304,1,13229
1305,1,13143
1306,1,13144
1307,1,13195
1308,1,13223
1309,1,13141
1310,1,13183
1311,1,13134
1312,1,13189
1313,1,13188
1314,1,13173
1315,1,13188
1316,1,13116
1317,1,13166
1318,1,13110
1319,1,13195
1320,1,13239
1321,1,13159
1322,1,13273
1323,1,13155
1324,1,13162
1325,1,13245
1326,1,13208
1327,1,13264
1328,1,13183
1329,1,13244
1330,1,13203
1331,1,13229
1332,1,13230
1333,1,13263
1334,1,13300
1335,1,13302
1336,1,13262
1337,1,13297
1338,1,13288
1339,1,13250
1340,1,13285
