1,1,1062
2,1,1062
3,1,1075
4,1,1070
5,1,1083
6,1,1085
7,1,1077
8,1,1092
9,1,1080
10,1,1093
11,1,1107
12,1,1119
13,1,1099
14,1,1108
15,1,1126
16,1,1096
17,1,1132
18,1,1154
19,1,1185
20,1,1145
21,1,1192
22,1,1180
23,1,1203
24,1,1195
25,1,1196
26,1,1202
27,1,1250
28,1,1287
29,1,1292
30,1,1267
31,1,1301
32,1,1300
33,1,1347
34,1,1352
35,1,1366
36,1,1371
37,1,1420
38,1,1421
39,1,1422
40,1,1410
41,1,1430
42,1,1431
43,1,1533
44,1,1473
45,1,1494
46,1,1548
47,1,1533
48,1,1553
49,1,1544
50,1,1627
51,1,1649
52,1,1725
53,1,1756
54,1,1760
55,1,1787
56,1,1847
57,1,1950
58,1,2030
59,1,2128
60,1,2176
61,1,2391
62,1,2604
63,1,2781
64,1,3079
65,1,3540
66,1,4083
67,1,4581
68,1,5305
69,1,5948
70,1,6746
71,1,7633
72,1,8301
73,1,9148
74,1,9930
75,1,10710
76,1,11343
77,1,12130
78,1,12799
79,1,13725
80,1,14486
81,1,15302
82,1,16361
83,1,17353
84,1,18700
85,1,19762
86,1,20416
87,1,20653
88,1,20651
89,1,20069
90,1,18748
91,1,16951
92,1,14978
93,1,12439
94,1,10295
95,1,8200
96,1,6747
97,1,5157
98,1,4177
99,1,3552
100,1,3093
101,1,2855
102,1,2630
103,1,2602
104,1,2654
105,1,2719
106,1,2831
107,1,3045
108,1,3218
109,1,3388
110,1,3649
111,1,3753
112,1,3945
113,1,4236
114,1,4364
115,1,4552
116,1,4839
117,1,4979
118,1,5240
119,1,5564
120,1,5846
121,1,6082
122,1,6464
123,1,6678
124,1,6641
125,1,6950
126,1,6705
127,1,6457
128,1,6025
129,1,5462
130,1,4867
131,1,4296
132,1,3662
133,1,3033
134,1,2639
135,1,2332
136,1,2059
137,1,1834
138,1,1789
139,1,1639
140,1,1592
141,1,1543
142,1,1524
143,1,1482
144,1,1443
145,1,1423
146,1,1379
147,1,1372
148,1,1375
149,1,1351
150,1,1375
151,1,1364
152,1,1345
153,1,1305
154,1,1311
155,1,1303
156,1,1275
157,1,1304
158,1,1254
159,1,1265
160,1,1243
161,1,1280
162,1,1258
163,1,1205
164,1,1243
165,1,1218
166,1,1234
167,1,1198
168,1,1248
169,1,1240
170,1,1226
171,1,1241
172,1,1209
173,1,1229
174,1,1203
175,1,1199
176,1,1215
177,1,1190
178,1,1228
179,1,1218
180,1,1237
181,1,1204
182,1,1186
183,1,1205
184,1,1215
185,1,1213
186,1,1191
187,1,1239
188,1,1224
189,1,1225
190,1,1244
191,1,1236
192,1,1267
193,1,2149
194,1,1289
195,1,1220
196,1,1250
197,1,1246
198,1,1233
199,1,1236
200,1,1235
201,1,1244
202,1,1229
203,1,1208
204,1,1213
205,1,1220
206,1,1219
207,1,1210
208,1,1196
209,1,1170
210,1,1130
211,1,1141
212,1,1139
213,1,1116
214,1,1145
215,1,1146
216,1,1158
217,1,1130
218,1,1131
219,1,1167
220,1,1130
221,1,1103
222,1,1150
223,1,1155
224,1,1116
225,1,1131
226,1,1137
227,1,1136
228,1,1126
229,1,1140
230,1,1114
231,1,1102
232,1,1138
233,1,1142
234,1,1128
235,1,1148
236,1,1146
237,1,1151
238,1,1153
239,1,1136
240,1,1147
241,1,1158
242,1,1184
243,1,1186
244,1,1178
245,1,1165
246,1,1176
247,1,1183
248,1,1194
249,1,1189
250,1,1181
251,1,1196
252,1,1206
253,1,1193
254,1,1230
255,1,1220
256,1,1271
257,1,1193
258,1,1250
259,1,1241
260,1,1283
261,1,1272
262,1,1265
263,1,1329
264,1,1323
265,1,1320
266,1,1319
267,1,1356
268,1,1324
269,1,1348
270,1,1411
271,1,1473
272,1,1440
273,1,1445
274,1,1440
275,1,1525
276,1,1544
277,1,1595
278,1,1626
279,1,1704
280,1,1756
281,1,1796
282,1,1876
283,1,1947
284,1,2033
285,1,2112
286,1,2181
287,1,2207
288,1,2350
289,1,2444
290,1,2511
291,1,2587
292,1,2673
293,1,2735
294,1,2775
295,1,2826
296,1,2959
297,1,2999
298,1,3022
299,1,3041
300,1,3083
301,1,3160
302,1,3046
303,1,2999
304,1,3019
305,1,2879
306,1,2823
307,1,2689
308,1,2680
309,1,2546
310,1,2497
311,1,2469
312,1,2384
313,1,2340
314,1,2252
315,1,2309
316,1,2266
317,1,2264
318,1,2311
319,1,2324
320,1,2324
321,1,2322
322,1,2389
323,1,2455
324,1,2485
325,1,2524
326,1,2632
327,1,2569
328,1,2720
329,1,2697
330,1,2698
331,1,2702
332,1,2590
333,1,2654
334,1,2673
335,1,2628
336,1,2531
337,1,2551
338,1,2506
339,1,2412
340,1,2351
341,1,2330
342,1,2288
343,1,2207
344,1,2096
345,1,2058
346,1,2046
347,1,2051
348,1,1998
349,1,2017
350,1,1988
351,1,2040
352,1,2098
353,1,2160
354,1,2206
355,1,2312
356,1,2446
357,1,2615
358,1,2763
359,1,2980
360,1,3158
361,1,3351
362,1,3580
363,1,3827
364,1,4079
365,1,4371
366,1,4630
367,1,4832
368,1,5102
369,1,5358
370,1,5562
371,1,5757
372,1,6085
373,1,6400
374,1,6674
375,1,6743
376,1,6994
377,1,6997
378,1,7017
379,1,6922
380,1,6721
381,1,6478
382,1,5894
383,1,5431
384,1,4784
385,1,4254
386,1,3785
387,1,3218
388,1,2800
389,1,2488
390,1,2226
391,1,2050
392,1,1848
393,1,1692
394,1,1650
395,1,1562
396,1,1503
397,1,1497
398,1,1475
399,1,1400
400,1,1383
401,1,1396
402,1,1396
403,1,1312
404,1,1320
405,1,1358
406,1,1332
407,1,1332
408,1,1289
409,1,1293
410,1,1260
411,1,1254
412,1,1279
413,1,1292
414,1,1296
415,1,1284
416,1,1286
417,1,1271
418,1,1253
419,1,1249
420,1,1265
421,1,1269
422,1,1285
423,1,1248
424,1,1280
425,1,1256
426,1,1255
427,1,1284
428,1,1245
429,1,1230
430,1,1259
431,1,1274
432,1,1275
433,1,1276
434,1,1227
435,1,1275
436,1,1266
437,1,1242
438,1,1216
439,1,1210
440,1,1203
441,1,1226
442,1,1200
443,1,1220
444,1,1202
445,1,1182
446,1,1205
447,1,1204
448,1,1176
449,1,1172
450,1,1179
451,1,1203
452,1,1158
453,1,1181
454,1,1164
455,1,1165
456,1,1189
457,1,1170
458,1,1213
459,1,1221
460,1,1197
461,1,1204
462,1,1201
463,1,1200
464,1,1202
465,1,1189
466,1,1182
467,1,1190
468,1,1216
469,1,1224
470,1,1204
471,1,1192
472,1,1208
473,1,1221
474,1,1211
475,1,1196
476,1,1214
477,1,1252
478,1,1222
479,1,1227
480,1,1253
481,1,1253
482,1,1276
483,1,1313
484,1,1286
485,1,1266
486,1,1293
487,1,1304
488,1,1271
489,1,1245
490,1,1272
491,1,1268
492,1,1234
493,1,1312
494,1,1285
495,1,1262
496,1,1284
497,1,1319
498,1,1306
499,1,1273
500,1,1321
501,1,1331
502,1,1304
503,1,1357
504,1,1342
505,1,1326
506,1,1353
507,1,1373
508,1,1359
509,1,1352
510,1,1346
511,1,1362
512,1,1377
513,1,1392
514,1,1383
515,1,1378
516,1,1432
517,1,1419
518,1,1406
519,1,1416
520,1,1430
521,1,1442
522,1,1437
523,1,1469
524,1,1432
525,1,1420
526,1,1456
527,1,1465
528,1,1459
529,1,1427
530,1,1465
531,1,1422
532,1,1448
533,1,1439
534,1,1502
535,1,1445
536,1,1478
537,1,1452
538,1,1488
539,1,1475
540,1,1489
541,1,1471
542,1,1476
543,1,1531
544,1,1528
545,1,1522
546,1,1557
547,1,1503
548,1,1586
549,1,1546
550,1,1582
551,1,1511
552,1,1568
553,1,1577
554,1,1560
555,1,1543
556,1,1533
557,1,1516
558,1,1479
559,1,1487
560,1,1453
561,1,1475
562,1,1474
563,1,1412
564,1,1434
565,1,1416
566,1,1437
567,1,1401
568,1,1412
569,1,1415
570,1,1398
571,1,1365
572,1,1446
573,1,1390
574,1,1417
575,1,1391
576,1,1444
577,1,1461
578,1,1439
579,1,1462
580,1,1464
581,1,1507
582,1,1498
583,1,1501
584,1,1541
585,1,1538
586,1,1553
587,1,1552
588,1,1607
589,1,1638
590,1,1608
591,1,1691
592,1,1719
593,1,1761
594,1,1765
595,1,1788
596,1,1886
597,1,1862
598,1,1980
599,1,2078
600,1,2138
601,1,2240
602,1,2304
603,1,2399
604,1,2562
605,1,2602
606,1,2714
607,1,2799
608,1,2951
609,1,2976
610,1,3104
611,1,3225
612,1,3408
613,1,3446
614,1,3609
615,1,3648
616,1,3649
617,1,3782
618,1,3810
619,1,3852
620,1,3866
621,1,3974
622,1,3742
623,1,3785
624,1,3613
625,1,3502
626,1,3391
627,1,3062
628,1,2959
629,1,2741
630,1,2646
631,1,2521
632,1,2367
633,1,2324
634,1,2150
635,1,2120
636,1,1993
637,1,1956
638,1,1955
639,1,1940
640,1,1901
641,1,1866
642,1,1795
643,1,1757
644,1,1759
645,1,1698
646,1,1749
647,1,1698
648,1,1726
649,1,1674
650,1,1628
651,1,1666
652,1,1647
653,1,1666
654,1,1676
655,1,1630
656,1,1714
657,1,1678
658,1,1701
659,1,1696
660,1,1702
661,1,1708
662,1,1649
663,1,1704
664,1,1679
665,1,1734
666,1,1714
667,1,1705
668,1,1732
669,1,1770
670,1,1739
671,1,1758
672,1,1780
673,1,1761
674,1,1812
675,1,1838
676,1,1848
677,1,1890
678,1,1911
679,1,1947
680,1,1929
681,1,1945
682,1,1923
683,1,1970
684,1,2016
685,1,2086
686,1,2048
687,1,2110
688,1,2122
689,1,2168
690,1,2175
691,1,2191
692,1,2206
693,1,2217
694,1,2215
695,1,2279
696,1,2318
697,1,2321
698,1,2284
699,1,2305
700,1,2306
701,1,2334
702,1,2331
703,1,2311
704,1,2318
705,1,2346
706,1,2346
707,1,2360
708,1,2310
709,1,2281
710,1,2370
711,1,2326
712,1,2298
713,1,2278
714,1,2254
715,1,2233
716,1,2307
717,1,2289
718,1,2301
719,1,2251
720,1,2187
721,1,2236
722,1,2166
723,1,2223
724,1,2164
725,1,2106
726,1,2160
727,1,2185
728,1,2138
729,1,2043
730,1,2113
731,1,2070
732,1,2069
733,1,2055
734,1,1976
735,1,2010
736,1,1958
737,1,1973
738,1,1988
739,1,1943
740,1,1955
741,1,1948
742,1,1893
743,1,1939
744,1,1900
745,1,1920
746,1,1880
747,1,1886
748,1,1808
749,1,1901
750,1,1877
751,1,1874
752,1,1824
753,1,1812
754,1,1803
755,1,1861
756,1,1775
757,1,1772
758,1,1747
759,1,1745
760,1,1735
761,1,1739
762,1,1712
763,1,1727
764,1,1694
765,1,1724
766,1,1742
767,1,1750
768,1,1707
769,1,1716
770,1,1708
771,1,1731
772,1,1728
773,1,1742
774,1,1717
775,1,1762
776,1,1688
777,1,1804
778,1,1740
779,1,1754
780,1,1790
781,1,1782
782,1,1788
783,1,1824
784,1,1733
785,1,1793
786,1,1786
787,1,1768
788,1,1808
789,1,1795
790,1,1789
791,1,1748
792,1,1767
793,1,1736
794,1,1759
795,1,1780
796,1,1703
797,1,1724
798,1,1712
799,1,1652
800,1,1673
801,1,1659
802,1,1640
803,1,1658
804,1,1639
805,1,1609
806,1,1588
807,1,1572
808,1,1570
809,1,1578
810,1,1581
811,1,1541
812,1,1571
813,1,1575
814,1,1566
815,1,1578
816,1,1573
817,1,1539
818,1,1541
819,1,1555
820,1,1565
821,1,1542
822,1,1541
823,1,1570
824,1,1522
825,1,1548
826,1,1541
827,1,1579
828,1,1525
829,1,1496
830,1,1602
831,1,1569
832,1,1546
833,1,1544
834,1,1560
835,1,1566
836,1,1553
837,1,1574
838,1,1556
839,1,1568
840,1,1546
841,1,1521
842,1,1561
843,1,1531
844,1,1501
845,1,1509
846,1,1509
847,1,1544
848,1,1589
849,1,1549
850,1,1547
851,1,1531
852,1,1560
853,1,1538
854,1,1514
855,1,1567
856,1,1560
857,1,1548
858,1,1622
859,1,1588
860,1,1572
861,1,1587
862,1,1569
863,1,1585
864,1,1601
865,1,1576
866,1,1620
867,1,1639
868,1,1646
869,1,1624
870,1,1637
871,1,1673
872,1,1647
873,1,1674
874,1,1655
875,1,1657
876,1,1698
877,1,1699
878,1,1727
879,1,1716
880,1,1770
881,1,1755
882,1,1738
883,1,1789
884,1,1812
885,1,1803
886,1,1797
887,1,1824
888,1,1874
889,1,1881
890,1,1866
891,1,1914
892,1,1997
893,1,2023
894,1,2098
895,1,2061
896,1,2160
897,1,2194
898,1,2296
899,1,2362
900,1,2378
901,1,2478
902,1,2567
903,1,2622
904,1,2710
905,1,2825
906,1,3003
907,1,3025
908,1,3093
909,1,3162
910,1,3318
911,1,3448
912,1,3581
913,1,3585
914,1,3717
915,1,3780
916,1,3853
917,1,4037
918,1,4126
919,1,4168
920,1,4246
921,1,4344
922,1,4408
923,1,4414
924,1,4423
925,1,4442
926,1,4470
927,1,4399
928,1,4508
929,1,4506
930,1,4502
931,1,4526
932,1,4535
933,1,4680
934,1,4829
935,1,4905
936,1,5088
937,1,5233
938,1,5379
939,1,5548
940,1,5751
941,1,5916
942,1,6060
943,1,6158
944,1,6438
945,1,6578
946,1,6592
947,1,6761
948,1,6891
949,1,6964
950,1,7034
951,1,6951
952,1,6809
953,1,6746
954,1,6472
955,1,6189
956,1,5996
957,1,5743
958,1,5433
959,1,5107
960,1,4745
961,1,4435
962,1,4183
963,1,3950
964,1,3768
965,1,3498
966,1,3418
967,1,3334
968,1,3254
969,1,3031
970,1,2972
971,1,2958
972,1,2848
973,1,2762
974,1,2669
975,1,2646
976,1,2520
977,1,2534
978,1,2512
979,1,2424
980,1,2421
981,1,2339
982,1,2314
983,1,2310
984,1,2266
985,1,2177
986,1,2177
987,1,2166
988,1,2051
989,1,2066
990,1,1972
991,1,1994
992,1,1931
993,1,1892
994,1,1826
995,1,1858
996,1,1764
997,1,1776
998,1,1789
999,1,1810
1000,1,1718
1001,1,1692
1002,1,1676
1003,1,1682
1004,1,1646
1005,1,1635
1006,1,1617
1007,1,1587
1008,1,1628
1009,1,1587
1010,1,1670
1011,1,1549
1012,1,1560
1013,1,1554
1014,1,1576
1015,1,1530
1016,1,1543
1017,1,1564
1018,1,1531
1019,1,1521
1020,1,1514
1021,1,1539
1022,1,1515
1023,1,1503
1024,1,1535
1025,1,1491
1026,1,1503
1027,1,1504
1028,1,1483
1029,1,1488
1030,1,1481
1031,1,1502
1032,1,1462
1033,1,1487
1034,1,1494
1035,1,1487
1036,1,1442
1037,1,1472
1038,1,1446
1039,1,1450
1040,1,1390
1041,1,1411
1042,1,1459
1043,1,1430
1044,1,1487
1045,1,1475
1046,1,1443
1047,1,1473
1048,1,1457
1049,1,1491
1050,1,1463
1051,1,1465
1052,1,1470
1053,1,1460
1054,1,1461
1055,1,1449
1056,1,1473
1057,1,1475
1058,1,1475
1059,1,1489
1060,1,1486
1061,1,1474
1062,1,1488
1063,1,1440
1064,1,1478
1065,1,1487
1066,1,1479
1067,1,1482
1068,1,1456
1069,1,1480
1070,1,1471
1071,1,1465
1072,1,1433
1073,1,1439
1074,1,1438
1075,1,1412
1076,1,1460
1077,1,1449
1078,1,1468
1079,1,1431
1080,1,1433
1081,1,1447
1082,1,1412
1083,1,1397
1084,1,1415
1085,1,1404
1086,1,1420
1087,1,1411
1088,1,1409
1089,1,1408
1090,1,1425
1091,1,1382
1092,1,1407
1093,1,1378
1094,1,1413
1095,1,1439
1096,1,1355
1097,1,1385
1098,1,1403
1099,1,1433
1100,1,1344
1101,1,1385
1102,1,1384
1103,1,1395
1104,1,1414
1105,1,1406
1106,1,1397
1107,1,1400
1108,1,1396
1109,1,1419
1110,1,1381
1111,1,1365
1112,1,1329
1113,1,1388
1114,1,1381
1115,1,1380
1116,1,1335
1117,1,1418
1118,1,1360
1119,1,1375
1120,1,1378
1121,1,1382
1122,1,1403
1123,1,1383
1124,1,1382
1125,1,1394
1126,1,1359
1127,1,1408
1128,1,1390
1129,1,1416
1130,1,1391
1131,1,1385
1132,1,1415
1133,1,1409
1134,1,1387
1135,1,1394
1136,1,1406
1137,1,1372
1138,1,1362
1139,1,1391
1140,1,1432
1141,1,1410
1142,1,1392
1143,1,1421
1144,1,1382
1145,1,1399
1146,1,1401
1147,1,1420
1148,1,1395
1149,1,1436
1150,1,1351
1151,1,1363
1152,1,1414
1153,1,1352
1154,1,1373
1155,1,1365
1156,1,1363
1157,1,1399
1158,1,1387
1159,1,1385
1160,1,1368
1161,1,1390
1162,1,1402
1163,1,1365
1164,1,1397
1165,1,1369
1166,1,1386
1167,1,1357
1168,1,1376
1169,1,1396
1170,1,1393
1171,1,1390
1172,1,1356
1173,1,1372
1174,1,1404
1175,1,1422
1176,1,1379
1177,1,1372
1178,1,1393
1179,1,1418
1180,1,1398
1181,1,1333
1182,1,1385
1183,1,1359
1184,1,1382
1185,1,1384
1186,1,1398
1187,1,1407
1188,1,1391
1189,1,1397
1190,1,1383
1191,1,1415
1192,1,1423
1193,1,1385
1194,1,1397
1195,1,1356
1196,1,1412
1197,1,1424
1198,1,1423
1199,1,1379
1200,1,1378
1201,1,1420
1202,1,1390
1203,1,1372
1204,1,1408
1205,1,1378
1206,1,1386
1207,1,1439
1208,1,1408
1209,1,1451
1210,1,1411
1211,1,1410
1212,1,1429
1213,1,1418
1214,1,1435
1215,1,1467
1216,1,1421
1217,1,1424
1218,1,1446
1219,1,1464
1220,1,1443
1221,1,1452
1222,1,1423
1223,1,1414
1224,1,1477
1225,1,1438
1226,1,1467
1227,1,1469
1228,1,1467
1229,1,1440
1230,1,1444
1231,1,1448
1232,1,1455
1233,1,1433
1234,1,1458
1235,1,1393
1236,1,1438
1237,1,1429
1238,1,1462
1239,1,1415
1240,1,1426
1241,1,1468
1242,1,1457
1243,1,1438
1244,1,1418
1245,1,1399
1246,1,1437
1247,1,1393
1248,1,1418
1249,1,1381
1250,1,1420
1251,1,1398
1252,1,1355
1253,1,1395
1254,1,1368
1255,1,1427
1256,1,1424
1257,1,1408
1258,1,1420
1259,1,1402
1260,1,1378
1261,1,1396
1262,1,1431
1263,1,1426
1264,1,1424
1265,1,1423
1266,1,1414
1267,1,1441
1268,1,1410
1269,1,1393
1270,1,1420
1271,1,1431
1272,1,1430
1273,1,1387
1274,1,1449
1275,1,1425
1276,1,1398
1277,1,1428
1278,1,1419
1279,1,1422
1280,1,1449
1281,1,1439
1282,1,1424
1283,1,1411
1284,1,1412
1285,1,1380
1286,1,1380
1287,1,1404
1288,1,1408
1289,1,1428
1290,1,1397
1291,1,1407
1292,1,1384
1293,1,1449
1294,1,1426
1295,1,1393
1296,1,1426
1297,1,1413
1298,1,1386
1299,1,1437
1300,1,1418
1301,1,1412
1302,1,1395
1303,1,1396
1304,1,1424
1305,1,1405
1306,1,1449
1307,1,1378
1308,1,1432
1309,1,1395
1310,1,1410
1311,1,1443
1312,1,1407
1313,1,1440
1314,1,1414
1315,1,1435
1316,1,1423
1317,1,1412
1318,1,1439
1319,1,1423
1320,1,1405
1321,1,1444
1322,1,1434
1323,1,1444
1324,1,1386
1325,1,1427
1326,1,1433
1327,1,1430
1328,1,1408
1329,1,1450
1330,1,1421
1331,1,1411
1332,1,1448
1333,1,1423
1334,1,1380
1335,1,1424
1336,1,1434
1337,1,1460
1338,1,1441
1339,1,1412
1340,1,1424
