1,1,12091
2,1,12271
3,1,12367
4,1,12359
5,1,12339
6,1,12320
7,1,12275
8,1,12322
9,1,12290
10,1,12258
11,1,12278
12,1,12290
13,1,12259
14,1,12239
15,1,12267
16,1,12236
17,1,12227
18,1,12278
19,1,12271
20,1,12288
21,1,12257
22,1,12280
23,1,12323
24,1,12253
25,1,12319
26,1,12324
27,1,12308
28,1,12316
29,1,12318
30,1,12306
31,1,12312
32,1,12328
33,1,12355
34,1,12324
35,1,12324
36,1,12330
37,1,12313
38,1,12382
39,1,12383
40,1,12404
41,1,12414
42,1,12363
43,1,12343
44,1,12395
45,1,12407
46,1,12365
47,1,12393
48,1,12359
49,1,12442
50,1,12382
51,1,12421
52,1,12413
53,1,12407
54,1,12457
55,1,12449
56,1,12378
57,1,12474
58,1,12483
59,1,12478
60,1,12468
61,1,12511
62,1,12517
63,1,12485
64,1,12486
65,1,12536
66,1,12471
67,1,12516
68,1,12472
69,1,12549
70,1,12544
71,1,12524
72,1,12467
73,1,12519
74,1,12532
75,1,12463
76,1,12494
77,1,12490
78,1,12500
79,1,12470
80,1,12548
81,1,12538
82,1,12602
83,1,12548
84,1,12614
85,1,12631
86,1,12636
87,1,12648
88,1,12717
89,1,12722
90,1,12718
91,1,12736
92,1,12731
93,1,12767
94,1,12684
95,1,12835
96,1,12732
97,1,12731
98,1,12685
99,1,12608
100,1,12607
101,1,12548
102,1,12527
103,1,12520
104,1,12523
105,1,12429
106,1,12437
107,1,12422
108,1,12389
109,1,12404
110,1,12401
111,1,12356
112,1,12425
113,1,12399
114,1,12424
115,1,12406
116,1,12372
117,1,12380
118,1,12342
119,1,12358
120,1,12358
121,1,12339
122,1,12347
123,1,12346
124,1,12371
125,1,12344
126,1,12383
127,1,12363
128,1,12342
129,1,12319
130,1,12364
131,1,12357
132,1,12367
133,1,12325
134,1,12303
135,1,12378
136,1,12316
137,1,12362
138,1,12364
139,1,12403
140,1,12034
141,1,12417
142,1,12346
143,1,12290
144,1,12312
145,1,12308
146,1,12330
147,1,12335
148,1,12328
149,1,12295
150,1,12299
151,1,12319
152,1,12309
153,1,12326
154,1,12355
155,1,12265
156,1,12332
157,1,12335
158,1,12304
159,1,12316
160,1,12331
161,1,12321
162,1,12295
163,1,12325
164,1,12337
165,1,12292
166,1,12298
167,1,12345
168,1,12282
169,1,12321
170,1,12335
171,1,12329
172,1,12332
173,1,12278
174,1,12338
175,1,12332
176,1,12358
177,1,12368
178,1,12340
179,1,12351
180,1,12316
181,1,12320
182,1,12317
183,1,12341
184,1,12343
185,1,12360
186,1,12350
187,1,12323
188,1,12307
189,1,12327
190,1,12327
191,1,12353
192,1,12382
193,1,12372
194,1,12371
195,1,12393
196,1,12351
197,1,12359
198,1,12315
199,1,12411
200,1,12298
201,1,12327
202,1,12370
203,1,12355
204,1,12320
205,1,12350
206,1,12397
207,1,12357
208,1,12352
209,1,12414
210,1,12368
211,1,12303
212,1,12379
213,1,12366
214,1,12355
215,1,12402
216,1,12376
217,1,12337
218,1,12375
219,1,12382
220,1,12348
221,1,12438
222,1,12418
223,1,12392
224,1,12384
225,1,12353
226,1,12409
227,1,12397
228,1,12383
229,1,12374
230,1,12398
231,1,12356
232,1,12381
233,1,12381
234,1,12338
235,1,12340
236,1,12380
237,1,12347
238,1,12417
239,1,12392
240,1,12435
241,1,12395
242,1,12369
243,1,12407
244,1,12451
245,1,12363
246,1,12378
247,1,12391
248,1,12426
249,1,12342
250,1,12376
251,1,12411
252,1,12379
253,1,12351
254,1,12384
255,1,12370
256,1,12440
257,1,12399
258,1,12449
259,1,12424
260,1,12404
261,1,12448
262,1,12473
263,1,12377
264,1,12469
265,1,12461
266,1,12477
267,1,12488
268,1,12532
269,1,12469
270,1,12530
271,1,12604
272,1,12563
273,1,12587
274,1,12570
275,1,12589
276,1,12619
277,1,12603
278,1,12577
279,1,12625
280,1,12627
281,1,12630
282,1,12644
283,1,12578
284,1,12598
285,1,12616
286,1,12634
287,1,12512
288,1,12585
289,1,12593
290,1,12450
291,1,12536
292,1,12534
293,1,12598
294,1,12551
295,1,12385
296,1,12501
297,1,12520
298,1,12473
299,1,12479
300,1,12450
301,1,12448
302,1,12498
303,1,12482
304,1,12497
305,1,12462
306,1,12428
307,1,12526
308,1,12467
309,1,12484
310,1,12509
311,1,12550
312,1,12600
313,1,12582
314,1,12593
315,1,12591
316,1,12675
317,1,12589
318,1,12599
319,1,12649
320,1,12575
321,1,12655
322,1,12651
323,1,12770
324,1,12850
325,1,13088
326,1,13360
327,1,13887
328,1,14309
329,1,14708
330,1,14915
331,1,14780
332,1,14582
333,1,14021
334,1,13564
335,1,13087
336,1,12827
337,1,12667
338,1,12536
339,1,12541
340,1,12517
341,1,12480
342,1,12521
343,1,12532
344,1,12509
345,1,12479
346,1,12475
347,1,12437
348,1,12499
349,1,12361
350,1,12421
351,1,12463
352,1,12431
353,1,12451
354,1,12479
355,1,12436
356,1,12480
357,1,12448
358,1,12415
359,1,12391
360,1,12423
361,1,12471
362,1,12479
363,1,12433
364,1,12433
365,1,12412
366,1,12399
367,1,12428
368,1,12423
369,1,12483
370,1,12481
371,1,12409
372,1,12425
373,1,12380
374,1,12415
375,1,12380
376,1,12414
377,1,12504
378,1,12491
379,1,12453
380,1,12412
381,1,12398
382,1,12495
383,1,12457
384,1,12442
385,1,12467
386,1,12456
387,1,12404
388,1,12419
389,1,12425
390,1,12417
391,1,12423
392,1,12450
393,1,12469
394,1,12408
395,1,12469
396,1,12470
397,1,12439
398,1,12477
399,1,12446
400,1,12462
401,1,12469
402,1,12451
403,1,12410
404,1,12462
405,1,12465
406,1,12488
407,1,12508
408,1,12522
409,1,12482
410,1,12492
411,1,12486
412,1,12520
413,1,12547
414,1,12514
415,1,12494
416,1,12541
417,1,12484
418,1,12466
419,1,12568
420,1,12551
421,1,12474
422,1,12479
423,1,12449
424,1,12570
425,1,12479
426,1,12472
427,1,12506
428,1,12465
429,1,12468
430,1,12517
431,1,12480
432,1,12501
433,1,12480
434,1,12473
435,1,12512
436,1,12515
437,1,12424
438,1,12450
439,1,12452
440,1,12463
441,1,12441
442,1,12442
443,1,12464
444,1,12434
445,1,12488
446,1,12440
447,1,12414
448,1,12436
449,1,12423
450,1,12474
451,1,12448
452,1,12446
453,1,12404
454,1,12438
455,1,12438
456,1,12425
457,1,12469
458,1,12432
459,1,12385
460,1,12466
461,1,12399
462,1,12409
463,1,12472
464,1,12391
465,1,12417
466,1,12477
467,1,12422
468,1,12428
469,1,12415
470,1,12446
471,1,12402
472,1,12410
473,1,12370
474,1,12440
475,1,12380
476,1,12456
477,1,12424
478,1,12365
479,1,12432
480,1,12409
481,1,12402
482,1,12354
483,1,12419
484,1,12409
485,1,12446
486,1,12379
487,1,12432
488,1,12441
489,1,12420
490,1,12454
491,1,12391
492,1,12432
493,1,12420
494,1,12410
495,1,12441
496,1,12416
497,1,12406
498,1,12383
499,1,12359
500,1,12508
501,1,12446
502,1,12444
503,1,12446
504,1,12482
505,1,12412
506,1,12400
507,1,12420
508,1,12419
509,1,12444
510,1,12371
511,1,12432
512,1,12534
513,1,12456
514,1,12481
515,1,12532
516,1,12533
517,1,12495
518,1,12474
519,1,12462
520,1,12490
521,1,12489
522,1,12467
523,1,12502
524,1,12445
525,1,12471
526,1,12428
527,1,12491
528,1,12439
529,1,12432
530,1,12408
531,1,12441
532,1,12458
533,1,12481
534,1,12484
535,1,12498
536,1,12442
537,1,12484
538,1,12439
539,1,12493
540,1,12506
541,1,12548
542,1,12495
543,1,12491
544,1,12478
545,1,12479
546,1,12510
547,1,12510
548,1,12503
549,1,12455
550,1,12464
551,1,12504
552,1,12500
553,1,12497
554,1,12477
555,1,12482
556,1,12468
557,1,12486
558,1,12491
559,1,12472
560,1,12480
561,1,12476
562,1,12444
563,1,12441
564,1,12420
565,1,12479
566,1,12492
567,1,12513
568,1,12479
569,1,12479
570,1,12458
571,1,12536
572,1,12528
573,1,12504
574,1,12537
575,1,12441
576,1,12498
577,1,12462
578,1,12480
579,1,12531
580,1,12533
581,1,12524
582,1,12493
583,1,12497
584,1,12502
585,1,12531
586,1,12608
587,1,12548
588,1,12643
589,1,12547
590,1,12521
591,1,12535
592,1,12553
593,1,12585
594,1,12552
595,1,12548
596,1,12594
597,1,12627
598,1,12611
599,1,12608
600,1,12606
601,1,12595
602,1,12584
603,1,12668
604,1,12666
605,1,12658
606,1,12655
607,1,12647
608,1,12726
609,1,12771
610,1,12697
611,1,12699
612,1,12790
613,1,12787
614,1,12820
615,1,12857
616,1,12829
617,1,12872
618,1,12860
619,1,12958
620,1,12981
621,1,12974
622,1,12981
623,1,13045
624,1,13152
625,1,13126
626,1,13215
627,1,13287
628,1,13338
629,1,13314
630,1,13483
631,1,13570
632,1,13542
633,1,13544
634,1,13594
635,1,13614
636,1,13671
637,1,13600
638,1,13563
639,1,13515
640,1,13506
641,1,13422
642,1,13360
643,1,13272
644,1,13237
645,1,13153
646,1,13075
647,1,13026
648,1,13001
649,1,12975
650,1,12839
651,1,12842
652,1,12840
653,1,12812
654,1,12774
655,1,12758
656,1,12739
657,1,12689
658,1,12756
659,1,12663
660,1,12721
661,1,12679
662,1,12736
663,1,12695
664,1,12676
665,1,12685
666,1,12593
667,1,12629
668,1,12568
669,1,12624
670,1,12647
671,1,12665
672,1,12590
673,1,12581
674,1,12567
675,1,12584
676,1,12595
677,1,12599
678,1,12576
679,1,12572
680,1,12553
681,1,12637
682,1,12641
683,1,12606
684,1,12576
685,1,12560
686,1,12533
687,1,12617
688,1,12593
689,1,12598
690,1,12569
691,1,12555
692,1,12529
693,1,12534
694,1,12564
695,1,12545
696,1,12601
697,1,12580
698,1,12526
699,1,12568
700,1,12568
701,1,12544
702,1,12536
703,1,12520
704,1,12479
705,1,12507
706,1,12547
707,1,12514
708,1,12532
709,1,12542
710,1,12516
711,1,12559
712,1,12538
713,1,12531
714,1,12550
715,1,12547
716,1,12545
717,1,12528
718,1,12571
719,1,12546
720,1,12622
721,1,12560
722,1,12565
723,1,12557
724,1,12589
725,1,12571
726,1,12509
727,1,12546
728,1,12543
729,1,12608
730,1,12564
731,1,12553
732,1,12481
733,1,12557
734,1,12554
735,1,12510
736,1,12570
737,1,12578
738,1,12555
739,1,12540
740,1,12575
741,1,12492
742,1,12562
743,1,12513
744,1,12575
745,1,12506
746,1,12497
747,1,12546
748,1,12496
749,1,12556
750,1,12568
751,1,12504
752,1,12494
753,1,12530
754,1,12528
755,1,12513
756,1,12514
757,1,12513
758,1,12535
759,1,12551
760,1,12486
761,1,12541
762,1,12549
763,1,12562
764,1,12517
765,1,12522
766,1,12539
767,1,12509
768,1,12517
769,1,12495
770,1,12552
771,1,12572
772,1,12518
773,1,12519
774,1,12522
775,1,12490
776,1,12523
777,1,12529
778,1,12495
779,1,12516
780,1,12514
781,1,12499
782,1,12556
783,1,12463
784,1,12549
785,1,12554
786,1,12567
787,1,12527
788,1,12572
789,1,12469
790,1,12540
791,1,12566
792,1,12551
793,1,12554
794,1,12522
795,1,12537
796,1,12566
797,1,12609
798,1,12554
799,1,12521
800,1,12570
801,1,12552
802,1,12634
803,1,12561
804,1,12674
805,1,12630
806,1,12694
807,1,12674
808,1,12712
809,1,12692
810,1,12672
811,1,12709
812,1,12699
813,1,12683
814,1,12820
815,1,12781
816,1,12685
817,1,12671
818,1,12649
819,1,12606
820,1,12644
821,1,12640
822,1,12600
823,1,12552
824,1,12549
825,1,12549
826,1,12575
827,1,12516
828,1,12519
829,1,12533
830,1,12537
831,1,12490
832,1,12485
833,1,12538
834,1,12497
835,1,12483
836,1,12538
837,1,12541
838,1,12540
839,1,12525
840,1,12518
841,1,12603
842,1,12541
843,1,12528
844,1,12504
845,1,12550
846,1,12575
847,1,12530
848,1,12585
849,1,12581
850,1,12577
851,1,12501
852,1,12572
853,1,12597
854,1,12660
855,1,12569
856,1,12579
857,1,12523
858,1,12591
859,1,12594
860,1,12628
861,1,12625
862,1,12637
863,1,12647
864,1,12657
865,1,12656
866,1,12713
867,1,12643
868,1,12651
869,1,12629
870,1,12633
871,1,12648
872,1,12636
873,1,12696
874,1,12625
875,1,12669
876,1,12653
877,1,12722
878,1,12683
879,1,12688
880,1,12610
881,1,12670
882,1,12709
883,1,12684
884,1,12644
885,1,12738
886,1,12701
887,1,12695
888,1,12661
889,1,12730
890,1,12730
891,1,12734
892,1,12791
893,1,12765
894,1,12795
895,1,12695
896,1,12811
897,1,12895
898,1,12803
899,1,12853
900,1,12817
901,1,12778
902,1,12868
903,1,12825
904,1,12828
905,1,12843
906,1,12826
907,1,12828
908,1,12780
909,1,12832
910,1,12816
911,1,12878
912,1,12862
913,1,12817
914,1,12859
915,1,12894
916,1,12868
917,1,12909
918,1,12825
919,1,12950
920,1,12923
921,1,12931
922,1,12977
923,1,12997
924,1,13054
925,1,12965
926,1,12948
927,1,12959
928,1,13025
929,1,12960
930,1,12952
931,1,13004
932,1,12960
933,1,12879
934,1,12864
935,1,12903
936,1,12915
937,1,12914
938,1,12855
939,1,12875
940,1,12931
941,1,12855
942,1,12845
943,1,12852
944,1,12863
945,1,12819
946,1,12797
947,1,12862
948,1,12792
949,1,12806
950,1,12837
951,1,12869
952,1,12835
953,1,12810
954,1,12801
955,1,12824
956,1,12788
957,1,12762
958,1,12740
959,1,12777
960,1,12788
961,1,12735
962,1,12787
963,1,12713
964,1,12741
965,1,12742
966,1,12678
967,1,12630
968,1,12586
969,1,12709
970,1,12650
971,1,12625
972,1,12607
973,1,12665
974,1,12630
975,1,12642
976,1,12660
977,1,12624
978,1,12589
979,1,12616
980,1,12589
981,1,12591
982,1,12621
983,1,12606
984,1,12639
985,1,12659
986,1,12684
987,1,12686
988,1,12710
989,1,12704
990,1,12621
991,1,12662
992,1,12697
993,1,12691
994,1,12773
995,1,12730
996,1,12836
997,1,12813
998,1,12806
999,1,12753
1000,1,12807
1001,1,12837
1002,1,12834
1003,1,12863
1004,1,12899
1005,1,12922
1006,1,12919
1007,1,12909
1008,1,12944
1009,1,13031
1010,1,15089
1011,1,13111
1012,1,12967
1013,1,12976
1014,1,12989
1015,1,13000
1016,1,12943
1017,1,12903
1018,1,12972
1019,1,12917
1020,1,12921
1021,1,12835
1022,1,12825
1023,1,12817
1024,1,12767
1025,1,12716
1026,1,12652
1027,1,12702
1028,1,12703
1029,1,12664
1030,1,12646
1031,1,12662
1032,1,12617
1033,1,12622
1034,1,12627
1035,1,12564
1036,1,12603
1037,1,12635
1038,1,12610
1039,1,12612
1040,1,12578
1041,1,12613
1042,1,12595
1043,1,12660
1044,1,12624
1045,1,12542
1046,1,12485
1047,1,12615
1048,1,12586
1049,1,12614
1050,1,12568
1051,1,12554
1052,1,12526
1053,1,12578
1054,1,12556
1055,1,12586
1056,1,12640
1057,1,12539
1058,1,12551
1059,1,12621
1060,1,12554
1061,1,12539
1062,1,12580
1063,1,12576
1064,1,12607
1065,1,12548
1066,1,12558
1067,1,12531
1068,1,12560
1069,1,12571
1070,1,12453
1071,1,12533
1072,1,12608
1073,1,12547
1074,1,12563
1075,1,12574
1076,1,12546
1077,1,12577
1078,1,12556
1079,1,12623
1080,1,12563
1081,1,12639
1082,1,12538
1083,1,12570
1084,1,12585
1085,1,12531
1086,1,12570
1087,1,12549
1088,1,12556
1089,1,12525
1090,1,12545
1091,1,12539
1092,1,12550
1093,1,12518
1094,1,12574
1095,1,12610
1096,1,12522
1097,1,12502
1098,1,12513
1099,1,12575
1100,1,12498
1101,1,12543
1102,1,12525
1103,1,12564
1104,1,12582
1105,1,12534
1106,1,12525
1107,1,12558
1108,1,12550
1109,1,12524
1110,1,12547
1111,1,12531
1112,1,12556
1113,1,12526
1114,1,12539
1115,1,12557
1116,1,12606
1117,1,12554
1118,1,12566
1119,1,12499
1120,1,12527
1121,1,12531
1122,1,12535
1123,1,12519
1124,1,12531
1125,1,12539
1126,1,12528
1127,1,12470
1128,1,12555
1129,1,12495
1130,1,12536
1131,1,12508
1132,1,12611
1133,1,12520
1134,1,12537
1135,1,12547
1136,1,12522
1137,1,12519
1138,1,12504
1139,1,12534
1140,1,12526
1141,1,12500
1142,1,12530
1143,1,12469
1144,1,12544
1145,1,12510
1146,1,12541
1147,1,12519
1148,1,12502
1149,1,12487
1150,1,12468
1151,1,12502
1152,1,12531
1153,1,12517
1154,1,12464
1155,1,12492
1156,1,12508
1157,1,12456
1158,1,12517
1159,1,12479
1160,1,12521
1161,1,12534
1162,1,12552
1163,1,12516
1164,1,12544
1165,1,12551
1166,1,12501
1167,1,12513
1168,1,12488
1169,1,12542
1170,1,12572
1171,1,12478
1172,1,12494
1173,1,12506
1174,1,12480
1175,1,12494
1176,1,12537
1177,1,12574
1178,1,12539
1179,1,12546
1180,1,12556
1181,1,12511
1182,1,12507
1183,1,12571
1184,1,12537
1185,1,12531
1186,1,12562
1187,1,12563
1188,1,12520
1189,1,12524
1190,1,12529
1191,1,12524
1192,1,12517
1193,1,12511
1194,1,12527
1195,1,12469
1196,1,12484
1197,1,12529
1198,1,12526
1199,1,12527
1200,1,12493
1201,1,12539
1202,1,12568
1203,1,12548
1204,1,12528
1205,1,12540
1206,1,12541
1207,1,12547
1208,1,12533
1209,1,12566
1210,1,12547
1211,1,12580
1212,1,12527
1213,1,12464
1214,1,12513
1215,1,12476
1216,1,12529
1217,1,12477
1218,1,12527
1219,1,12445
1220,1,12487
1221,1,12528
1222,1,12527
1223,1,12513
1224,1,12484
1225,1,12532
1226,1,12537
1227,1,12552
1228,1,12516
1229,1,12505
1230,1,12534
1231,1,12499
1232,1,12477
1233,1,12483
1234,1,12489
1235,1,12553
1236,1,12511
1237,1,12505
1238,1,12520
1239,1,12505
1240,1,12513
1241,1,12557
1242,1,12521
1243,1,12502
1244,1,12474
1245,1,12564
1246,1,12482
1247,1,12480
1248,1,12534
1249,1,12517
1250,1,12513
1251,1,12474
1252,1,12484
1253,1,12514
1254,1,12541
1255,1,12496
1256,1,12472
1257,1,12519
1258,1,12520
1259,1,12463
1260,1,12487
1261,1,12499
1262,1,12552
1263,1,12490
1264,1,12565
1265,1,12500
1266,1,12477
1267,1,12497
1268,1,12515
1269,1,12473
1270,1,12576
1271,1,12564
1272,1,12477
1273,1,12501
1274,1,12467
1275,1,12533
1276,1,12532
1277,1,12496
1278,1,12545
1279,1,12524
1280,1,12515
1281,1,12535
1282,1,12511
1283,1,12511
1284,1,12533
1285,1,12593
1286,1,12456
1287,1,12539
1288,1,12519
1289,1,12547
1290,1,12480
1291,1,12497
1292,1,12454
1293,1,12549
1294,1,12496
1295,1,12557
1296,1,12511
1297,1,12531
1298,1,12478
1299,1,12555
1300,1,12485
1301,1,12547
1302,1,12580
1303,1,12543
1304,1,12573
1305,1,12505
1306,1,12530
1307,1,12548
1308,1,12566
1309,1,12582
1310,1,12486
1311,1,12557
1312,1,12586
1313,1,12518
1314,1,12587
1315,1,12559
1316,1,12508
1317,1,12563
1318,1,12524
1319,1,12542
1320,1,12591
1321,1,12514
1322,1,12562
1323,1,12560
1324,1,12572
1325,1,12573
1326,1,12543
1327,1,12590
1328,1,12551
1329,1,12597
1330,1,12568
1331,1,12600
1332,1,12582
1333,1,12652
1334,1,12639
1335,1,12581
1336,1,12599
1337,1,12593
1338,1,12587
1339,1,12624
1340,1,12634
