945.1025063468871    -230.27586206896376
945.8333331702021    -94.27586206896376
946.564159993517    11.724137931036239
947.294986816832    -166.27586206896376
948.0258136401469    -81.27586206896376
948.7566404634618    -20.27586206896376
949.4874672867768    -123.27586206896376
950.2182941100917    -94.27586206896376
950.9491209334067    8.95689655172464
951.6799477567215    -14.275862068963761
952.4107745800364    -54.27586206896376
953.1416014033514    -0.017596647429039436
953.8724282266663    -10.75933122589068
954.6032550499813    -36.50106580435596
955.3340818732962    -1.8952756590583233
956.0649086966112    -41.984534961282876
956.7957355199261    -61.72626953974452
957.526562343241    -46.4680041182098
958.257389166556    -172.20973869667142
958.9882159898709    8.048526724863285
959.7190428131859    -194.69320785359835
960.4498696365008    -77.43494243206364
961.1806964598157    -87.17667701052528
961.9115232831307    -98.91841158899055
962.6423501064456    -15.660146167452194
963.3731769297606    -114.40188074591747
964.1040037530755    -60.14361532437911
964.8348305763905    -52.88534990284439
965.5656573997054    54.12212160320313
966.2964842230202    95.65907855050602
967.0273110463352    -115.11055363823294
967.7581378696501    8.147711783301773
968.488964692965    55.405977204840134
969.21979151628    97.66424262637486
969.9506183395949    138.92250804791323
970.6814451629099    168.38082023433248
971.4122719862248    95.4390388909863
972.1430988095398    111.69730431252101
972.8739256328547    174.95556973405937
973.6047524561696    148.2138351555941
974.3355792794846    152.47210057712883
975.0664061027995    234.73036599866717
975.7972329261145    169.9886314202019
976.5280597494294    154.24689684174027
977.2588865727444    168.50516226327497
977.9897133960593    195.76342768481334
978.7205402193742    168.02169310634807
979.4513670426892    232.27995852788644
980.1821938660041    328.53822394942114
980.913020689319    258.7964893709595
981.6438475126339    219.05475479249424
982.3746743359488    185.31302021403258
983.1055011592638    275.5712856355673
983.8363279825787    236.82955105710568
984.5671548058937    213.08781647864038
985.2979816292086    242.34608190017875
986.0288084525235    258.6043473217135
986.7596352758385    346.8626127432518
987.4904620991534    342.1208781647866
988.2212889224684    304.3791435863249
988.9521157457833    427.6374090078596
989.6829425690983    493.895674429398
990.4137693924132    440.1539398509327
991.1445962157281    469.41220527247106
991.8754230390431    397.6704706940058
992.606249862358    505.92873611554415
993.337076685673    558.1870015370789
994.0679035089879    484.44526695861725
994.7987303323027    561.703532380152
995.5295571556177    649.9617978016867
996.2603839789326    670.220063223225
996.9912108022476    660.4783286447598
997.7220376255625    616.7365940662982
998.4528644488774    655.9948594878329
999.1836912721924    632.2531249093712
999.9145180955073    721.5113903309059
1000.6453449188223    775.3960550738093
1001.3761717421372    664.027921173979
1002.1069985654522    718.2861865955174
1002.8378253887671    641.5444520170521
1003.568652212082    662.8027174385904
1004.299479035397    618.0609828601251
1005.0303058587119    703.6177967576349
1005.7611326820269    658.5775137031983
1006.4919595053418    669.8357791247366
1007.2227863286568    590.0940445462713
1007.9536131519717    698.3523099678097
1008.6844399752865    614.6105753893444
1009.4152667986016    713.3395384414614
1010.1460936219164    612.1271062324175
1010.8769204452313    679.4134523360699
1011.6077472685463    603.6436370754906
1012.3385740918612    598.9019024970289
1013.0694009151762    437.1601679185637
1013.8002277384911    439.418433340102
1014.5310545618061    387.6766987616367
1015.261881385121    392.9349641831751
1015.9927082084359    339.1932296047098
1016.7235350317509    331.4514950262445
1017.4543618550658    413.7097604477829
1018.1851886783808    367.2830218091116
1018.9160155016957    417.8199787564163
1019.6468423250107    385.4845567123907
1020.3776691483256    247.74282213392905
1021.1084959716405    133.00108755546378
1021.8393227949555    250.25935297700215
1022.5701496182704    293.5047634929372
1023.3009764415854    282.7758838200752
1024.0318032649002    353.07867738754567
1024.7626300882152    352.1156343348513
1025.49345691153    327.1525912821551
1026.2242837348451    149.68954822945983
1026.95511055816    80.06721092775611
1027.685937381475    106.32547634929446
1028.4167642047898    49.583741770829185
1029.147591028105    120.83737601867776
1029.8784178514197    17.100272613902266
1030.6092446747348    139.41128991328628
1031.3400714980496    126.61680345697535
1032.0708983213644    114.9852038078948
1032.8017251446795    82.0221607551977
1033.5325519679943    105.39159972158679
1034.2633787913094    88.09607464980712
1034.9942056146242    47.90813056465987
1035.7250324379393    -7.8336040138054095
1036.455859261254    37.70694549172036
1037.1866860845691    -34.31707317073233
1037.917512907884    -0.05125059823859979
1038.648339731199    -49.846403635501375
1039.3791665545139    -60.64155667276596
1040.109993377829    -11.936709710028724
1040.8408202011437    -139.97048838634475
1041.5716470244588    -56.7011714294665
1042.3024738477736    -78.43185447258826
1043.0333006710887    -29.11732185907889
1043.7641274944035    -104.8932205588354
1044.4949543177186    -69.70762793360625
1045.2257811410334    -79.35458664507891
1045.9566079643482    -100.08526968820067
1046.6874347876633    -425.8159527313224
1047.418261610978    -66.88824008265732
1048.1490884342932    19.722681182430435
1048.879915257608    -10.008001860691321
1049.610742080923    -48.273699194446536
1050.3415689042379    -142.46936794693482
1051.072395727553    10.799949009943415
1051.8032225508678    101.06926596682166
1052.5340493741828    132.33858292369626
1053.2648761974976    159.6078998805745
1053.9957030208127    34.87721683745276
1054.7265298441275    89.146533794331
1055.4573566674426    -31.58414924879075
1056.1881834907574    16.56992347018764
1056.9190103140725    -13.225229567076951
1057.6498371373873    -22.020382604339716
1058.3806639607023    8.184464358397513
1059.1114907840172    42.38931132113475
1059.842317607332    7.094158283871977
1060.573144430647    20.799005246609205
1061.303971253962    32.503852209344615
1062.034798077277    4.70869917208185
1062.7656249005918    46.41354613481907
1063.4964517239068    -31.381606902442776
1064.2272785472217    34.32324006029446
1064.9581053705367    -40.08302880938084
1065.6889321938515    -5.767066014232902
1066.4197590171666    58.93778094850433
1067.1505858404814    -60.275077938749746
1067.8814126637965    101.9942390181285
1068.6122394871113    -38.736444024993254
1069.3430663104264    38.757168799451435
1070.0738931337412    55.96201576218867
1070.8047199570562    -130.92849315436217
1071.535546780371    48.87170968766404
1072.2663736036861    14.576556650401272
1072.997200427001    -31.218596386861496
1073.7280272503158    178.1487746731472
1074.4588540736308    16.191097538611146
1075.189680896946    22.895944501348378
1075.9205077202607    -25.04327445621808
1076.6513345435756    4.805638426822841
1077.3821613668906    24.010485389560074
1078.1129881902054    102.21533235229549
1078.8438150135205    34.42017931503362
1079.5746418368353    33.12502627777086
1080.3054686601504    47.32987324050809
1081.0362954834652    58.53472020324532
1081.7671223067803    21.739567165982553
1082.497949130095    -44.61942184432115
1083.2287759534101    15.149261091455195
1083.959602776725    38.35410805419242
1084.69042960004    81.05895501692966
1085.4212564233549    27.76380197966689
1086.15208324667    96.96864894240504
1086.8829100699847    36.67349590514044
1087.6137368932996    80.87834286787768
1088.3445637166146    68.58318983061491
1089.0753905399297    49.788036793352134
1089.8062173632445    7.073747724457661
1090.5370441865593    58.1977307188266
1091.2678710098744    97.40257768156201
1091.9986978331892    73.60742464429924
1092.7295246565043    39.81227160703648
1093.460351479819    -15.579667491154751
1094.1911783031342    -23.310350534276505
1094.922005126449    34.42681249524908
1095.652831949764    14.228283379476347
1096.3836587730789    -3.1634935792782777
1097.114485596394    -0.9586466165410457
1097.8453124197088    0.0066815535078225685
1098.5761392430238    -5.731833342755157
1099.3069660663386    -53.481208660749154
1100.0377928896537    -57.23058397874315
1100.7686197129685    -50.97995929673715
1101.4994465362834    25.83332240375489
1102.2302733595984    18.798650573803762
1102.9611001829135    -7.228085250722774
1103.6919270062283    33.02253943128323
1104.4227538295431    81.19463508395036
1105.1535806528582    134.15996325399925
1105.884407476173    96.77441347730124
1106.615234299488    14.025038159307243
1107.346061122803    83.27566284131325
1108.076887946118    197.52628752331924
1108.8077147694328    282.77691220532523
1109.5385415927478    417.0275368873313
1110.2693684160627    326.41726044434495
1111.0001952393777    385.38258861439385
1111.7310220626925    412.34791678444265
1112.4618488860076    543.3132449544925
1113.1926757093224    591.2785731245413
1113.9235025326375    625.7439012945893
1114.6543293559523    676.7092294646382
1115.3851561792671    764.174557634688
1116.1159830025822    879.2831590253817
1116.8468098258973    936.1052139747866
1117.577636649212    1021.0705421448354
1118.308463472527    1072.0350330713998
1119.039290295842    1200.501198484934
1119.7701171191568    1184.5362824354117
1120.5009439424718    1358.9318548250328
1121.2317707657867    1440.8971829950824
1121.9625975891017    1415.2881564814297
1122.6934244124166    1519.5387811634357
1123.4242512357316    1491.7894058454417
1124.1550780590464    1616.040030527444
1124.8859048823615    1530.29065520945
1125.6167317056763    1757.541279891456
1126.3475585289914    1683.791904573462
1127.0783853523062    1583.042529255468
1127.8092121756213    1678.293153937474
1128.540038998936    1722.54377861948
1129.2708658222512    1660.794403301486
1130.001692645566    1713.045027983492
1130.732519468881    1734.295652665498
1131.4633462921959    1915.546277347504
1132.1941731155107    1909.7969020295102
1132.9249999388257    1947.0475267115162
1133.6558267621406    1785.2981513935222
1134.3866535854556    1772.5487760755282
1135.1174804087705    1724.7994007575305
1135.8483072320855    1629.0500254395365
1136.5791340554003    1631.3006501215425
1137.3099608787154    1506.5512748035485
1138.0407877020302    1422.8018994855545
1138.7716145253453    1295.0525241675605
1139.50244134866    1247.3031488495665
1140.2332681719752    1362.5537735315725
1140.96409499529    1187.8043982135785
1141.694921818605    979.0550228955844
1142.4257486419199    951.3056475775905
1143.156575465235    963.5562722595965
1143.8874022885498    898.8068969416025
1144.6182291118648    855.0575216236085
1145.3490559351796    907.2530126067052
1146.0798827584945    624.5587709876169
1146.8107095818095    698.8093956696229
1147.5415364051246    565.0600203516289
1148.2723632284394    568.3106450336348
1149.0031900517542    694.5796534569504
1149.7340168750693    681.0449816269993
1150.4648436983841    573.0625190796529
1151.1956705216992    573.3131437616589
1151.926497345014    471.5637684436649
1152.657324168329    614.8143931256709
1153.388150991644    615.0650178076769
1154.118977814959    672.3369506472952
1154.8498046382738    665.5662671716889
1155.5806314615888    739.8168918536949
1156.3114582849037    644.067516535701
1157.0422851082187    772.1982633274907
1157.7731119315335    852.1635914975395
1158.5039387548486    799.1289196675893
1159.2347655781634    825.5942478376382
1159.9655924014783    693.3206399457273
1160.6964192247933    869.0249041777369
1161.4272460481084    968.4902323477868
1162.1580728714232    1032.9555605178357
1162.888899694738    1042.9208886878853
1163.619726518053    1050.5737633557574
1164.350553341368    1133.8243880377634
1165.081380164683    1233.8168731980327
1165.8122069879978    1221.3256374017753
1166.5430338113129    1285.5762620837813
1167.2738606346277    1395.8268867657873
1168.0046874579427    1465.6781858782283
1168.7355142812576    1448.3281361297957
1169.4663411045726    1532.5787608118017
1170.1971679278874    1658.8293854938076
1170.9279947512025    1557.0800101758136
1171.6588215745173    1635.3306348578196
1172.3896483978324    1594.5812595398256
1173.1204752211472    1589.8318842218316
1173.851302044462    1685.0825089038378
1174.582128867777    1457.3331335858438
1175.3129556910922    1414.5837582678498
1176.043782514407    1271.8343829498558
1176.7746093377218    1211.0850076318618
1177.5054361610369    1199.3356323138678
1178.2362629843517    974.5862569958738
1178.9670898076668    1161.8368816778761
1179.6979166309816    1117.0875063598821
1180.4287434542966    860.3381310418881
1181.1595702776115    697.5887557238941
1181.8903971009265    501.8393804059001
1182.6212239242413    541.0900050879061
1183.3520507475564    426.34062976991214
1184.0828775708712    451.59125445191813
1184.8137043941863    442.8418791339241
1185.5445312175011    439.0925038159301
1186.2753580408162    373.31139012945914
1187.006184864131    377.77671829950793
1187.7370116874458    233.24204646955775
1188.4678385107609    194.20737463960663
1189.198665334076    166.34562722595652
1189.9294921573908    166.13803097970344
1190.6603189807056    125.84687658996853
1191.3911458040207    92.06868731980208
1192.1219726273355    133.03401548985187
1192.8527994506505    44.49934365990073
1193.5836262739654    130.46467182995053
1194.3144530972804    149.92999999999938
1195.0452799205952    0.09674647887324639
1195.7761067439103    113.78604788732275
1196.5069335672251    54.46407183098534
1197.2377603905402    147.14209577464612
1197.968587213855    200.32011971830963
1198.69941403717    173.99814366197222
1199.430240860485    197.67616760563297
1200.1610676838    269.8541915492956
1200.8918945071148    291.53221549295637
1201.6227213304296    419.067464788731
1202.3535481537447    383.88826338028156
1203.0843749770597    423.56628732394233
1203.8152018003746    487.7443112676058
1204.5460286236894    537.9223352112665
1205.2768554470044    601.1003591549292
1206.0076822703195    628.047943661972
1206.7385090936343    705.044690140843
1207.4693359169491    926.6344309859151
1208.2001627402642    955.8124549295759
1208.930989563579    1040.9904788732385
1209.661816386894    1236.168502816902
1210.392643210209    1305.846526760563
1211.123470033524    1357.0245507042255
1211.8542968568388    1296.021915492955
1212.5851236801539    1361.0186619718297
1213.3159505034687    1496.5586225352113
1214.0467773267837    1611.0121549295754
1214.7776041500986    1581.0089014084501
1215.5084309734134    1406.0056478873212
1216.2392577967285    1414.0023943661959
1216.9700846200435    1431.9991408450705
1217.7009114433583    1268.9958873239418
1218.4317382666732    1273.9926338028165
1219.1625650899882    1114.9893802816875
1219.8933919133033    1195.9861267605622
1220.624218736618    1236.982873239437
1221.355045559933    1113.979619718308
1222.085872383248    1243.9763661971826
1222.8166992065628    1113.9731126760537
1223.5475260298779    1120.9698591549284
1224.2783528531927    889.9666056338032
1225.0091796765078    884.9633521126742
1225.7400064998226    826.9600985915489
1226.4708333231376    788.95684507042
1227.2016601464525    812.9535915492946
1227.9324869697675    593.9503380281693
1228.6633137930824    649.9470845070405
1229.3941406163972    655.9438309859152
1230.1249674397122    637.9405774647862
1230.8557942630273    550.9373239436609
1231.5866210863421    569.9340704225356
1232.317447909657    536.9308169014066
1233.048274732972    605.9275633802813
1233.779101556287    480.9243098591524
1234.509928379602    422.92105633802714
1235.2407552029167    417.9178028169018
1235.9715820262318    423.9145492957729
1236.7024088495466    457.7553887323943
1237.4332356728617    408.90804225351866
1238.1640624961765    442.90478873239334
1238.8948893194915    327.9015352112681
1239.6257161428064    259.89828169013913
1240.3565429661214    306.8950281690138
1241.0873697894363    323.82353239436526
1241.8181966127513    171.8885211267596
1242.5490234360661    325.67958028169045
1243.279850259381    267.8576042253512
1244.010677082696    260.0356281690139
1244.741503906011    226.87550704225112
1245.472330729326    211.8916760563372
1246.2031575526407    173.86900000000054
1246.9339843759558    166.86574647887159
1247.6648111992708    82.8624929577463
1248.3956380225857    132.85923943661734
1249.1264648459005    184.28179577464743
1249.8572916692156    135.85273239436677
1250.5881184925304    67.84947887323781
1251.3189453158454    98.84622535211253
1252.0497721391603    8.842971830983586
1252.7805989624753    -56.16028169014171
1253.5114257857902    149.84993943662028
1254.2422526091052    129.52796338028102
1254.97307943242    100.70598732394362
1255.703906255735    3.826704225349822
1256.43473307905    37.562035211266995
1257.165559902365    62.24005915492958
1257.8963867256798    -19.183056338029708
1258.6272135489949    78.59610704225386
1259.3580403723097    -51.18956338028394
1260.0888671956245    -7.192816901409241
1260.8196940189396    39.63017887323982
1261.5505208422546    -31.199323943663476
1262.2813476655695    -16.202577464788774
1263.0121744888843    -120.20583098591771
1263.7430013121993    -99.209084507043
1264.4738281355144    6.787661971831696
1265.2046549588292    2.1983225352108278
1265.935481782144    -17.21884507042254
1266.666308605459    28.554370422534195
1267.397135428774    -113.22535211267677
1268.127962252089    -0.08614639952391112
1268.8587890754038    -6.93596191231828
1269.5896158987189    -23.723227930967127
1270.3204427220337    -145.64657171196342
1271.0512695453488    -0.8603094624085195
1271.7820963686636    11.642818488395072
1272.5129231919786    -6.9973909938499155
1273.2437500152935    -31.06779131125007
1273.9745768386083    -112.92309621107083
1274.7054036619234    -35.77840111089158
1275.4362304852384    -45.63370601071233
1276.1670573085532    -16.59009482245522
1276.897884131868    -51.34431581035747
1277.6287109551831    -63.19962071017822
1278.3595377784982    -24.054925609998975
1279.090364601813    30.635742114659262
1279.8211914251278    -16.76553540964048
1280.552018248443    8.379159690535129
1281.2828450717577    19.523854790714378
1282.0136718950728    91.86157905177464
1282.7444987183876    -20.18675500892713
1283.4753255417027    34.22449752033326
1284.2061523650175    66.10263519142774
1284.9369791883325    20.247330291606975
1285.6678060116474    -40.60797460821378
1286.3986328349624    34.45033445744865
1287.1294596582773    -65.31858440785528
1287.860286481592    -132.17388930767967
1288.5911133049071    51.994712160284735
1289.3219401282222    -189.88449910732118
1290.052766951537    23.857630628843346
1290.7835937748519    -87.59510890696268
1291.514420598167    -149.45041380678344
1292.245247421482    -184.30571870660782
1292.9760742447968    -61.416532434041265
1293.7069010681116    -99.01632850624932
1294.4377278914267    -146.8716334060701
1295.1685547147415    -187.72693830589446
1295.8993815380566    -200.58224320571523
1296.6302083613714    -103.43754810553598
1297.3610351846864    -51.29285300535673
1298.0918620080013    -85.14815790517748
1298.8226888313163    -32.003462804998236
1299.5535156546312    -80.85876770482263
1300.2843424779462    12.28592739535662
1301.015169301261    66.43062249553587
1301.7459961245759    88.57531759571512
1302.476822947891    -80.27998730410563
1303.207649771206    59.86470779606997
1303.9384765945208    -5.99059710375078
1304.6693034178356    -26.84590200357153
1305.4001302411507    47.29879309660772
1306.1309570644657    198.44348819678697
1306.8617838877806    -18.411816703037427
1307.5926107110954    -21.267121602858182
1308.3234375344105    73.87757349732107
1309.0542643577253    124.02226859750031
1309.7850911810403    273.2570299543745
1310.5159180043552    181.31165879785516
1311.2467448276702    228.45635389803442
1311.977571650985    5.601048998213667
1312.7083984743    96.74574409839292
1313.439225297615    -77.10956080142785
1314.17005212093    9.03513429874777
1314.9008789442448    -113.82017060107299
1315.6317057675597    -91.67547550089374
1316.3625325908747    -34.53078040071449
1317.0933594141898    -35.38608530053524
1317.8241862375046    -116.24139020035963
1318.5550130608194    -23.096695100180384
1319.2858398841345    -91.95200000000114
1320.0166667074495    -0.04025003389830051
1320.7474935307644    -69.11358155932452
1321.4783203540792    -171.1943723389844
1322.2091471773942    -67.27516311864427
1322.939974000709    -60.35595389830778
1323.6708008240241    -100.43674467796765
1324.401627647339    43.02224976271107
1325.132454470654    -1.5983262372874023
1325.8632812939688    3.3208829830490867
1326.594108117284    -61.75990779661079
1327.3249349405987    72.15930142372935
1328.0557617639138    149.07851064406583
1328.7865885872286    173.99771986440595
1329.5174154105434    58.91692908474608
1330.2482422338585    48.83613830508257
1330.9790690571735    96.75534752542269
1331.7098958804884    180.67455674576283
1332.4407227038032    300.5937659660993
1333.1715495271183    251.51297518643943
1333.9023763504333    322.4321844067796
1334.6332031737481    316.35139362711607
1335.364029997063    375.2706028474562
1336.094856820378    499.1898120677963
1336.8256836436929    358.10902128813643
1337.556510467008    457.0282305084729
1338.2873372903227    555.947439728813
1339.0181641136378    506.86664894915316
1339.7489909369526    528.7858581694896
1340.4798177602677    696.7050673898298
1341.2106445835825    636.6242766101699
1341.9414714068976    642.5434858305064
1342.6722982302124    748.4626950508465
1343.4031250535274    733.3819042711866
1344.1339518768423    885.3011134915231
1344.8647787001573    959.2203227118632
1345.5956055234722    889.1395319322033
1346.326432346787    901.0587411525398
1347.057259170102    1019.9779503728801
1347.788085993417    1150.89715959322
1348.518912816732    1289.8163688135603
1349.2497396400468    1484.7097486101684
1349.9805664633618    1551.654787254237
1350.7113932866769    1809.573996474577
1351.4422201099917    1728.4932056949135
1352.1730469333065    2037.0847484745752
1352.9038737566216    2106.4284984406777
1353.6347005799364    2617.2508333559304
1354.3655274032515    2688.1159983728803
1355.0963542265663    2973.959748338983
1355.8271810498813    3249.303498305083
1356.5580078731962    3601.6472482711856
1357.2888346965112    4030.4909982372883
1358.019661519826    4450.834748203388
1358.7504883431411    4829.178498169491
1359.481315166456    5444.022248135592
1360.2121419897708    6324.523716338984
1360.9429688130858    6725.709748067796
1361.6737956364009    7471.362134779661
1362.4046224597157    8123.397248
1363.1354492830305    8809.200553220337
1363.8662761063456    9518.119762440678
1364.5971029296607    10366.038971661017
1365.3279297529755    10978.958180881355
1366.0587565762903    11738.877390101694
1366.7895833996054    12315.796599322035
1367.5204102229202    13274.71580854237
1368.2512370462352    13526.63501776271
1368.98206386955    14022.554226983051
1369.7128906928651    14206.473436203387
1370.44371751618    14298.392645423728
1371.174544339495    14365.311854644067
1371.9053711628098    14010.231063864408
1372.636197986125    13698.150273084744
1373.3670248094397    12997.069482305085
1374.0978516327546    12284.988691525425
1374.8286784560696    11771.90790074576
1375.5595052793847    11114.827109966101
1376.2903321026995    10000.74631918644
1377.0211589260143    9208.665528406778
1377.7519857493294    8311.584737627118
1378.4828125726444    7607.503946847458
1379.2136393959593    6916.4231560677945
1379.944466219274    6206.342365288135
1380.6752930425891    5584.261574508475
1381.406119865904    4943.180783728812
1382.136946689219    4449.099992949152
1382.8677735125339    4106.019202169492
1383.598600335849    3698.938411389832
1384.3294271591637    3520.8576206101684
1385.0602539824788    3263.776829830508
1385.7910808057936    3045.6960390508484
1386.5219076291087    2730.615248271185
1387.2527344524235    2734.5344574915252
1387.9835612757383    2700.453666711865
1388.7143880990534    2773.3728759322016
1389.4452149223685    2757.292085152542
1390.1760417456833    1896.2112943728819
1390.906868568998    1793.1305035932185
1391.6376953923132    1783.0497128135585
1392.3685222156282    1603.9689220338987
1393.099349038943    1419.888131254239
1393.8301758622579    1258.8073404745753
1394.561002685573    1183.7265496949155
1395.2918295088878    1075.6457589152556
1396.0226563322028    1073.5649681355922
1396.7534831555176    914.4841773559322
1397.4843099788327    810.4033865762723
1398.2151368021475    654.3225957966088
1398.9459636254626    618.2418050169489
1399.6767904487774    686.161014237289
1400.4076172720925    624.0802234576255
1401.1384440954073    458.9994326779657
1401.8692709187221    392.9186418983058
1402.6000977420372    346.8378511186423
1403.3309245653522    266.7570603389824
1404.061751388667    202.67626955932255
1404.792578211982    299.595478779659
1405.523405035297    187.51468799999915
1406.254231858612    30.433897220339276
1406.9850586819268    124.3531064406794
1407.7158855052417    98.2723156610159
1408.4467123285567    169.19152488135603
1409.1775391518715    -18.889265898303858
1409.9083659751866    32.029943322032636
1410.6391927985014    -63.05084745762724
1411.3700196218165    0.04633118246302814
1412.1008464451313    125.1435098225533
1412.8316732684464    16.021033135924586
1413.5625000917612    114.4997955936626
1414.2933269150762    2.435045742824112
1415.024153738391    234.5322243829144
1415.754980561706    62.629403023004656
1416.485807385021    203.91484542461282
1417.216634208336    302.3936078823508
1417.9474610316508    428.37237034008797
1418.6782878549657    589.0181175833658
1419.4091146782807    614.329895255564
1420.1399415015958    604.308657713301
1420.8707683249106    795.2874201710391
1421.6015951482254    906.7661826287743
1422.3324219715405    985.5040107838134
1423.0632487948553    1057.6011894239036
1423.7940756181704    1134.698368063994
1424.5249024414852    1284.7955467040842
1425.2557292648003    1335.8927253441746
1425.986556088115    1395.9899039842649
1426.7173829114301    1353.0870826243552
1427.448209734745    1336.1842612644452
1428.17903655806    1336.2814399045355
1428.9098633813749    1353.3786185446259
1429.64069020469    1449.4757971847162
1430.3715170280047    1305.5729758248065
1431.1023438513198    1110.6701544648968
1431.8331706746346    1073.767333104987
1432.5639974979495    916.8645117450773
1433.2948243212645    800.9616903851676
1434.0256511445796    711.0588690252578
1434.7564779678944    586.1560476653481
1435.4873047912092    509.2532263054383
1436.2181316145243    446.3504049455286
1436.9489584378393    348.4475835856189
1437.6797852611542    367.5447622257091
1438.410612084469    138.64194086579943
1439.141438907784    121.73911950588969
1439.8722657310989    241.83629814597995
1440.603092554414    203.93347678607023
1441.3339193777288    -24.9693445738395
1442.0647462010438    74.17153144542958
1442.7955730243586    36.22501270634104
1443.5263998476737    186.32219134642767
1444.2572266709885    64.41936998651795
1444.9880534943036    38.51654862660821
1445.7188803176184    161.565343734116
1446.4497071409332    -31.28909409321124
1447.1805339642483    86.80808454687903
1447.9113607875634    93.00163110732913
1448.6421876108782    134.98039356506712
1449.373014434193    70.09962046714985
1450.103841257508    56.19679910724011
1450.8346680808231    96.91668093827936
1451.565494904138    -19.608843612579346
1452.2963217274528    105.37420585375537
1453.0271485507678    1.585513667601198
1453.7579753740827    54.68269230769147
1454.4888021973977    -0.041806344245077565
1455.2196290207125    -66.69747526563508
1455.9504558440276    -51.38755905230199
1456.6812826673424    -27.07764283896526
1457.4121094906573    7.232273374371463
1458.1429363139723    -41.457810412291806
1458.8737631372874    62.852105801041276
1459.6045899606022    -21.15656613857677
1460.335416783917    -3.5301032520523457
1461.066243607232    -28.218145558948542
1461.7970704305471    25.222822520995614
1462.527897253862    74.84928540752006
1463.2587240771768    42.97574829404448
1463.9895509004918    39.02151929439473
1464.720377723807    63.22867406709334
1465.4512045471217    181.35513695361595
1466.1820313704366    115.9815998401413
1466.9128581937516    158.60806272666574
1467.6436850170667    168.2345256131902
1468.3745118403815    223.8609884997128
1469.1053386636963    451.19093278774454
1469.8361654870114    337.1139142727617
1470.5669923103262    424.240377159287
1471.297819133641    375.86684004580957
1472.028645956956    477.993302932334
1472.7594727802712    580.1197658188585
1473.490299603586    648.2462287053829
1474.2211264269008    692.3726915919074
1474.9519532502159    886.6702624944311
1475.682780073531    916.9801787077678
1476.4136068968457    962.2520802514798
1477.1444337201606    997.8785431380041
1477.8752605434756    1088.5050060245267
1478.6060873667907    1227.219843561111
1479.3369141901055    1189.5297597744477
1480.0677410134203    1282.3843946841012
1480.7985678367354    1269.1495922011177
1481.5293946600505    1407.137320457148
1482.2602214833653    1298.769424627791
1482.99104830668    1418.0793408411278
1483.7218751299952    1373.3892570544645
1484.45270195331    1396.6991732677975
1485.1835287766248    1374.0090894811344
1485.9143555999399    1279.3190056944711
1486.645182423255    1294.6289219078078
1487.3760092465698    1032.9388381211409
1488.1068360698846    1020.2487543344776
1488.8376628931996    899.5586705478144
1489.5684897165147    961.868586761151
1490.2993165398295    974.1785029744841
1491.0301433631444    868.281337981962
1491.7609701864594    908.4078008684864
1492.4917970097745    728.1082516144943
1493.2226238330893    704.6607266415353
1493.9534506564041    563.7280840411642
1494.6842774797192    568.0380002545008
1495.4151043030342    476.3479164678376
1496.145931126349    448.6665781876321
1496.876757949664    400.79304107415476
1497.607584772979    406.27766510784414
1498.338411596294    270.04596684720366
1499.0692384196086    282.67242973372896
1499.8000652429237    294.2988926202516
1500.5308920662387    174.425355506776
1501.2617188895535    150.05181839330044
1501.9925457128684    161.13716238786085
1502.7233725361834    171.80474416634928
1503.4541993594985    149.4312070528719
1504.1850261828133    212.05766993939724
1504.9158530061281    184.1841328259217
1505.6466798294432    217.31059571244614
1506.3775066527583    210.43705859896875
1507.108333476073    129.06352148549317
1507.839160299388    163.1899843720176
1508.569987122703    168.81644725854295
1509.300813946018    149.94291014506558
1510.0316407693329    228.56937303158998
1510.7624675926477    192.69583591811443
1511.4932944159627    154.82229880463885
1512.2241212392778    193.44876169116327
1512.9549480625924    215.0752245776859
1513.6857748859074    203.09582180123394
1514.4166017092225    219.82815035073568
1515.1474285325373    205.71565422790738
1515.8782553558522    169.0255704412405
1516.6090821791672    172.3354866545772
1517.3399090024823    219.64540286791393
1518.070735825797    293.96046478335694
1518.801562649112    208.58692766987957
1519.532389472427    197.57515150792048
1520.263216295742    240.8850677212572
1520.9940431190569    293.46631632945287
1521.7248699423717    275.09277921597726
1522.4556967656868    182.81481636126375
1523.1865235890018    222.34570498902522
1523.9173504123166    163.4346487879372
1524.6481772356315    129.7445650012739
1525.3790040589465    174.05448121460702
1526.1098308822616    98.85155653512115
1526.8406577055764    111.47801942164558
1527.5714845288912    92.60448230817093
1528.3023113522063    105.73094519469355
1529.0331381755211    59.357408081217976
1529.763964998836    69.9838709677424
1530.494791822151    0.055406466217572614
1531.225618645466    90.62694196469366
1531.9564454687809    71.69847746316881
1532.6872722920957    141.27001296164488
1533.4180991154108    144.34154846012007
1534.1489259387258    212.91308395859613
1534.8797527620407    214.98461945707132
1535.6105795853555    334.05615495554736
1536.3414064086705    417.12769045402257
1537.0722332319856    432.19922595249864
1537.8030600553004    628.5096147409794
1538.5338868786152    583.3422969494499
1539.2647137019303    802.413832447925
1539.9955405252454    916.4853679464011
1540.7263673485602    867.5569034448763
1541.457194171875    1047.1284389433524
1542.18802099519    1130.1999744418276
1542.918847818505    1203.2715099403035
1543.6496746418197    1374.3430454387787
1544.3805014651348    1541.914580937254
1545.1113282884498    1690.98611643573
1545.8421551117647    1930.105250987335
1546.5729819350795    1998.1291874326812
1547.3038087583946    2373.3953666684943
1548.0346355817096    2299.7722584296343
1548.7654624050244    2490.8437939281093
1549.4962892283393    2627.9153294265852
1550.2271160516543    2948.4868649250607
1550.9579428749694    3102.1206558713834
1551.6887696982842    3369.129935922012
1552.419596521599    3575.410771552539
1553.150423344914    3814.2730069189633
1553.8812501682291    4097.34454241744
1554.612076991544    4406.845945074272
1555.3429038148588    4765.487613414391
1556.0737306381739    4984.136060755428
1556.8045574614887    5188.281118596005
1557.5353842848035    5529.426176436583
1558.2662111081186    5788.571234277161
1558.9970379314336    6042.716292117739
1559.7278647547485    6224.861349958317
1560.4586915780633    6556.0064077988945
1561.1895184013783    6625.151465639472
1561.9203452246934    6917.29652348005
1562.6511720480082    7186.441581320628
1563.381998871323    7164.586639161205
1564.112825694638    7274.731697001784
1564.8436525179532    7366.876754842361
1565.574479341268    7289.021812682939
1566.3053061645828    7180.166870523517
1567.0361329878979    7108.3119283640945
1567.766959811213    6957.456986204672
1568.4977866345278    6855.60204404525
1569.2286134578426    6551.747101885828
1569.9594402811576    6342.892159726406
1570.6902671044725    6118.037217566984
1571.4210939277873    5934.182275407561
1572.1519207511024    5759.327333248139
1572.8827475744174    5445.472391088717
1573.6135743977322    5111.617448929294
1574.344401221047    4840.762506769873
1575.0752280443621    4443.90756461045
1575.8060548676772    4267.052622451028
1576.536881690992    4155.197680291606
1577.2677085143068    4080.3427381321835
1577.998535337622    3857.4877959727614
1578.729362160937    3747.6328538133394
1579.4601889842518    3654.777911653917
1580.1910158075666    3404.9229694944947
1580.9218426308817    3327.0680273350763
1581.6526694541967    3445.2130851756538
1582.3834962775115    3343.3581430162317
1583.1143231008264    3203.5032008568096
1583.8451499241414    3180.6482586973875
1584.5759767474565    3207.793316537965
1585.306803570771    3164.938374378543
1586.0376303940861    3057.083432219121
1586.7684572174012    2992.2284900596983
1587.499284040716    2960.373547900276
1588.2301108640308    2540.518605740854
1588.960937687346    2516.6636635814316
1589.691764510661    2483.8087214220095
1590.4225913339758    2364.9537792625874
1591.1534181572906    2266.0988371031654
1591.8842449806057    2065.243894943743
1592.6150718039207    1991.3889527843207
1593.3458986272356    1775.5340106248984
1594.0767254505504    1710.6790684654763
1594.8075522738654    1590.824126306054
1595.5383790971805    1370.969184146632
1596.2692059204953    1393.1142419872097
1597.0000327438102    1250.2592998277876
1597.7308595671252    1200.4043576683653
1598.4616863904403    1032.549415508943
1599.1925132137549    1012.6944733495209
1599.92334003707    1048.8395311900986
1600.654166860385    1056.4228143198793
1601.3849936836998    981.4943498183543
1602.1158205070146    998.274704711832
1602.8466473303297    931.1374208153055
1603.5774741536447    1011.7089563137815
1604.3083009769596    995.7804918122567
1605.0391278002744    923.8520273107329
1605.7699546235895    993.9999939147209
1606.5007814469045    1006.4950983076841
1607.2316082702193    1152.0666338061592
1607.9624350935342    1198.1381693046353
1608.6932619168492    1263.2097048031105
1609.4240887401643    1297.72528311761
1610.154915563479    1454.8527758000619
1610.885742386794    1565.9243112985368
1611.616569210109    1616.495846797013
1612.347396033424    1753.0673822954882
1613.0782228567389    1924.1389177939643
1613.8090496800537    2023.5956301610765
1614.5398765033688    2190.2819887909154
1615.2707033266836    2348.8535242893904
1616.0015301499984    2533.4250597878668
1616.7323569733135    2574.9965952863417
1617.4631837966285    2850.3209193639655
1618.1940106199434    3054.639666283293
1618.9248374432582    3092.211201781769
1619.6556642665732    3289.7827372802444
1620.3864910898883    3529.8542727787208
1621.1173179132031    3529.0462085668546
1621.848144736518    3898.9973437756717
1622.578971559833    3977.33632424801
1623.309798383148    4382.6404147726225
1624.040625206463    4306.626439929166
1624.7714520297777    4319.771497769743
1625.5022788530928    4533.916555610321
1626.2331056764078    4468.061613450899
1626.9639324997227    4540.206671291477
1627.6947593230375    4290.351729132055
1628.4255861463525    4303.496786972632
1629.1564129696674    3890.6418448132104
1629.8872397929822    3728.786902653788
1630.6180666162973    3578.9319604943657
1631.3488934396123    3391.0770183349437
1632.0797202629271    3229.2220761755284
1632.810547086242    2874.367134016099
1633.541373909557    2805.5121918566842
1634.272200732872    2721.6572496972617
1635.003027556187    2445.8023075378396
1635.7338543795017    2430.9473653784175
1636.4646812028168    2135.0924232189955
1637.1955080261318    1931.2374810595732
1637.9263348494467    1830.3825389001508
1638.6571616727615    1749.5275967407285
1639.3879884960766    1641.6726545813065
1640.1188153193916    1321.8177124218842
1640.8496421427064    1296.962770262462
1641.5804689660213    1271.1078281030398
1642.3112957893363    1115.2528859436177
1643.0421226126512    945.3979437841954
1643.772949435966    893.5430016247732
1644.503776259281    746.688059465351
1645.234603082596    777.8331173059287
1645.965429905911    623.9781751465065
1646.6962567292258    577.1232329870843
1647.4270835525408    475.2682908276621
1648.1579103758559    408.4133486682399
1648.8887371991707    347.55840650881765
1649.6195640224855    461.70346434939546
1650.3503908458006    376.84852218997327
1651.0812176691156    315.993580030551
1651.8120444924305    286.4302992131745
1652.5428713157453    254.28369571170663
1653.2736981390603    240.57337021012574
1654.0045249623754    187.57381139286218
1654.7353517856902    188.71886923344
1655.466178609005    65.86392707401777
1656.19700543232    8.008984914595555
1656.927832255635    136.9310477025034
1657.6586590789498    -59.70089940424887
1658.3894859022648    67.07411869945464
1659.1203127255799    55.14565419793071
1659.8511395488947    8.217189696405882
1660.5819663722095    39.78872519488196
1661.3127931955246    -58.97561020135993
1662.0436200188396    -78.83055236078215
1662.7744468421545    7.5033316903083715
1663.5052736654693    -50.540436679626566
1664.2361004887844    -18.353597312740384
1664.9669273120994    -209.25032099847098
1665.6977541354142    -60.105263157893205
1666.428580958729    -1.3433877090386588
1667.1594077820441    98.41848773981589
1667.8902346053592    -51.90535549399594
1668.621061428674    70.69636811326664
1669.3518882519888    -47.295885913613205
1670.082715075304    -44.53401046475866
1670.813541898619    -156.7721350159041
1671.5443687219336    -57.01025956704229
1672.2751955452486    -1.2483841181877473
1673.0060223685637    -6.693290243151511
1673.7368491918785    -22.091566635888025
1674.4676760151933    -44.489843028621806
1675.1985028385084    -69.20088232276228
1675.9293296618234    -15.786395814095732
1676.6601564851383    102.81532779316775
1677.390983308453    37.91705140043034
1678.1218101317681    105.01877500769747
1678.8526369550832    12.620498614960049
1679.583463778398    21.722222222223536
1680.3142906017129    0.11733670992921175
1681.045117425028    79.86430304949344
1681.775944248343    82.60137701804544
1682.5067710716578    765.0610952833188
1683.2375978949726    335.52081354859126
1683.9684247182877    759.8521684077285
1684.6992515416027    763.5991347472855
1685.4300783649176    1347.399968344413
1686.1609051882324    1616.8596866096864
1686.8917320115474    1882.3194048749626
1687.6225588348623    2005.779123140235
1688.353385658177    1921.3339664450775
1689.0842124814922    1632.698559670781
1689.8150393048072    1348.6582779360579
1690.545866128122    871.6179962013304
1691.2766929514369    573.3218318033126
1692.007519774752    198.0687981428696
1692.738346598067    -72.18423551756617
1693.4691734213818    68.95686926242561
1694.2000002446966    -59.69030283845226
1694.9308270680117    -45.943336498895306
1695.6616538913268    -112.19637015933107
1696.3924807146416    -273.4494038197741
1697.1233075379564    -232.70243748021716
1697.8541343612715    -142.9554711406602
1698.5849611845865    -246.20850480109598
1699.3157880079013    -144.46153846153902
1700.0466148312162    0.11988087823108512
1700.7774416545312    -106.17523097684982
1701.508268477846    -67.53207723450522
1702.239095301161    -136.88892349216061
1702.969922124476    -97.24576974981602
1703.700748947791    -193.60261600747143
1704.4315757711058    -124.95946226513409
1705.1624025944207    -91.31630852278948
1705.8932294177357    -147.6731547804449
1706.6240562410508    -155.0300010381003
1707.3548830643656    -26.386847295755686
1708.0857098876804    3.256306446588916
1708.8165367109955    4.943066801619352
1709.5473635343105    -140.4573860687219
1710.2781903576254    37.913597788851035
1711.0090171809402    -30.601136717533127
1711.7398440042552    56.38412877608363
1712.4706708275703    42.36939426969946
1713.2014976508851    59.354659763315304
1713.9323244742    26.339925256927504
1714.663151297515    -6.174809249456654
1715.3939781208298    69.81045624415918
1716.1248049441447    122.33099761237226
1716.8556317674597    21.280987231391777
1717.5864585907748    55.26625272500762
1718.3172854140896    28.25151821862346
1719.0481122374044    26.736783712239298
1719.7789390607195    6.722049205855143
1720.5097658840346    50.18992006643986
1721.2405927073494    -62.16692619121554
1721.9714195306642    104.17784568670356
1722.7022463539793    10.663111180319413
1723.4330731772943    93.64837667393162
1724.1639000006091    8.133642167547453
1724.894726823924    54.61890766116329
1725.625553647239    11.604173154780044
1726.356380470554    26.089438648395884
1727.087207293869    62.07470414201173
1727.8180341171837    42.55996963562757
1728.5488609404988    160.0452351292434
1729.2796877638136    162.53050062285925
1730.0105145871285    92.51576611647509
1730.7413414104435    65.50103161009184
1731.4721682337586    48.48629710370768
1732.2029950570734    22.971562597323523
1732.9338218803882    64.95682809093573
1733.6646487037033    43.442093584551564
1734.3954755270183    98.4273590781674
1735.1263023503332    90.91262457178415
1735.857129173648    129.3978900654
1736.587955996963    72.38315555901583
1737.318782820278    36.868421052631675
1738.049609643593    -0.059095106186552115
1738.7804364669078    58.608494921514165
1739.5112632902228    52.72853185595542
1740.2420901135379    5.848568790396662
1740.9729169368527    -11.031394275162086
1741.7037437601675    -38.41135734072084
1742.4345705834826    -42.291320406279596
1743.1653974067974    -69.34995383195034
1743.8962242301122    -50.051246537397105
1744.6270510534273    -27.931209602955853
1745.3578778767424    -74.47460757156341
1746.0887047000572    -130.51615881810108
1746.819531523372    -26.57109879963211
1747.550358346687    8.048938134809134
1748.2811851700021    -51.831024930746885
1749.012011993317    -2.71098799630564
1749.7428388166318    27.909048938135605
1750.4736656399468    -90.76546629731992
1751.2044924632619    27.149122807018102
1751.9353192865767    -42.84856879039529
1752.6661461098915    -141.89012003693298
1753.3969729332066    -159.93167128347065
1754.1277997565217    -164.97322253000834
1754.8586265798365    21.749307479224335
1755.5894534031513    -131.05632502308373
1756.3202802264664    -98.0978762696214
1757.0511070497814    -244.1394275161591
1757.781933873096    -165.18097876269678
1758.512760696411    -0.6505078485694248
1759.2435875197261    -157.26408125577214
1759.974414343041    41.089566020313065
1760.7052411663558    -8.347183748847511
1761.4360679896708    -3.388734995385196
1762.166894812986    -52.430286241922886
1762.8977216363007    -108.47183748846057
1763.6285484596156    21.18975069251931
1764.3593752829306    -125.55493998153594
1765.0902021062457    29.40350877192638
1765.8210289295605    59.54986149584305
1766.5518557528753    11.320406278851008
1767.2826825761904    47.28993536472554
1768.0135093995054    54.90997229916679
1768.7443362228203    75.03000923361077
1769.475163046135    78.65004616805201
1770.2059898694501    -171.88734995383015
1770.9368166927652    88.3901200369345
1771.66764351608    96.01015697137575
1772.3984703393949    51.63019390581701
1773.12929716271    101.75023084025825
1773.8601239860247    137.3702677746995
1774.5909508093396    -11.13665743305625
1775.3217776326546    -46.88965835641801
1776.0526044559697    -2.219759926131621
1776.7834312792845    -56.26131117266931
1777.5142581025993    -3.302862419206991
1778.2450849259144    35.59048938134698
1778.9759117492295    48.71052631578823
1779.7067385725443    -0.09944878144316327
1780.437565395859    -16.812932650603965
1781.1683922191742    -33.52641651977204
1781.8992190424892    -177.23990038893285
1782.630045865804    59.798917149332404
1783.3608726891189    21.516595316041418
1784.091699512434    57.2342734827477
1784.822526335749    3.9061641344166693
1785.5533531590638    -22.33037018383335
1786.2841799823786    15.887307982875665
1787.0150068056937    141.765712526927
1787.7458336290085    -50.17733568370812
1788.4766604523234    56.0403424830009
1789.2074872756384    -20.374739080555422
1789.9383140989535    -79.08822294971623
1790.6691409222683    15.193376983126129
1791.3999677455831    -15.515190688045102
1792.1307945688982    -33.228674557205906
1792.8616213922132    46.84641148325409
1793.592448215528    -50.65564229553479
1794.323275038843    52.781767816669394
1795.054101862158    100.99944598337932
1795.784928685473    92.21712415008923
1796.5157555087878    42.49042222782201
1797.2465823321027    118.15248048350455
1797.9774091554177    95.87015865021357
1798.7082359787328    58.0878368169235
1799.4390628020476    49.805514983632506
1800.1698896253624    101.0231931503388
1800.9007164486775    38.20951901284264
1801.6315432719923    105.95854948375774
1802.3623700953071    65.67622765046676
1803.0931969186222    41.06906740535296
1803.8240237419373    32.35558353619216
1804.554850565252    -0.3579003329686472
1805.285677388567    25.92861579787055
1806.016504211882    71.21513192870975
1806.747331035197    60.50164805954167
1807.4781578585118    131.1999748174262
1808.2089846818267    70.07468032122007
1808.9398115051417    43.36119645205926
1809.6706383284568    10.647712582891184
1810.4014651517716    -82.06577128626962
1811.1322919750864    -25.77925515543042
1811.8631187984015    47.006043817679426
1812.5939456217166    -36.20622289375203
1813.3247724450314    109.94140015109564
1814.0555992683462    -9.633190632080904
1814.7864260916613    44.87675648451458
1815.517252914976    -47.06015837040251
1816.248079738291    -220.7736422395706
1816.978906561606    -124.48712610873139
1817.709733384921    -148.20060997789219
1818.4405602082359    52.965147318057845
1819.1713870315507    82.68282548476412
1819.9022138548657    32.90050365147315
1820.6330406781808    43.118181818183075
1821.3638675014956    0.1033057851239142
1822.0946943248105    -76.62201652892135
1822.8255211481255    -11.405752066114324
1823.5563479714406    -257.18948760330005
1824.2871747947554    -84.973223140493
1825.0180016180702    -188.756958677686
1825.7488284413853    28.014049586778953
1826.4796552647003    -43.324429752064646
1827.2104820880152    82.48429752066063
1827.94130891133    -162.89190082644333
1828.672135734645    47.95454545454504
1829.40296255796    58.43966942148952
1830.1337893812747    68.75689256198503
1830.8646162045898    131.97315702479204
1831.5954430279048    151.89504132231568
1832.3262698512196    71.38016528925651
1833.0570966745345    -24.378049586779593
1833.7879234978495    14.838214876034709
1834.5187503211646    44.05447933884174
1835.2495771444794    71.82066115702624
1835.9804039677942    103.80578512396708
1836.7112307911093    8.703272727270086
1837.4420576144244    25.919537190084387
1838.1728844377392    116.26115702479323
1838.903711261054    31.7462809917368
1839.634538084369    92.73140495867763
1840.3653649076841    106.71652892561848
1841.096191730999    164.20165289256295
1841.8270185543138    57.21712396694109
1842.5578453776288    64.17190082644464
1843.288672200944    16.64965289256242
1844.0194990242585    65.64214876032905
1844.7503258475735    -70.91781818181626
1845.4811526708886    -239.70155371900924
1846.2119794942034    9.514710743797796
1846.9428063175183    -59.269024793387906
1847.6736331408333    -14.05276033058088
1848.4044599641484    -85.83649586776657
1849.1352867874632    83.03801652892493
1849.866113610778    -64.40396694215252
1850.596940434093    185.00826446281025
1851.3277672574081    122.99338842975108
1852.058594080723    201.47851239669194
1852.7894209040378    45.461090909090125
1853.5202477273529    95.67735537189715
1854.251074550668    -21.10638016528855
1854.9819013739827    51.10988429751848
1855.7127281972976    4.326148760325502
1856.4435550206126    66.38925619834696
1857.1743818439277    -20.24132231405317
1857.9052086672425    -27.025057851246146
1858.6360354905573    -3.8087933884318446
1859.3668623138724    149.32975206611303
1860.0976891371872    54.62373553718948
1860.828515960502    -5.1600000000034925
1861.559342783817    -0.12867499999993015
1862.2901696071322    -179.09735000000364
1863.020996430447    -218.06602500000008
1863.7518232537618    -207.0347000000038
1864.4826500770769    -233.00337500000023
1865.213476900392    -318.97205000000395
1865.9443037237068    -216.94072500000038
1866.6751305470216    -237.9094000000041
1867.4059573703366    -319.87807500000054
1868.1367841936517    -231.84675000000425
1868.8676110169665    -47.81542500000069
1869.5984378402813    -91.7841000000044
1870.3292646635964    -92.75277500000084
1871.0600914869115    -40.72145000000455
1871.7909183102263    -103.69012500000099
1872.5217451335411    -46.6588000000047
1873.2525719568562    8.37252499999886
1873.983398780171    -133.59615000000485
1874.7142256034858    13.435174999998708
1875.4450524268009    -0.5335000000050059
1876.175879250116    99.49868749999978
1876.9067060734308    51.52914999999484
1877.6375328967456    39.560474999998405
1878.3683597200607    72.59179999999469
1879.0991865433757    44.623124999998254
1879.8300133666905    -87.34554999999818
1880.5608401900054    -84.3142250000019
1881.2916670133204    -13.282899999998335
1882.0224938366355    -97.25157500000205
1882.7533206599503    -129.2202499999985
1883.4841474832651    9.8110749999978
1884.2149743065802    -311.15759999999864
1884.9458011298952    6.873724999997648
1885.67662795321    -219.0949499999988
1886.407454776525    -173.0636250000025
1887.13828159984    -199.03229999999894
1887.8691084231548    -95.00097500000265
1888.5999352464696    -53.96964999999909
1889.3307620697847    -96.9383250000028
1890.0615888930997    -144.90699999999924
1890.7924157164146    -167.87567500000296
1891.5232425397294    -24.844349999999395
1892.2540693630444    -6.813025000003108
1892.9848961863595    -182.78169999999955
1893.7157230096743    -160.75037500000326
1894.4465498329891    -160.7190499999997
1895.1773766563042    -169.6877250000034
1895.9082034796193    -203.65639999999985
1896.639030302934    -172.62507500000356
1897.369857126249    -128.59375
1898.100683949564    -0.14990234375
1898.831510772879    -212.619140625
1899.5623375961939    3.8681640625
1900.2931644195087    21.35546875
1901.0239912428237    -43.1572265625
1901.7548180661386    17.330078125
1902.4856448894534    21.8173828125
1903.2164717127685    -124.6953125
1903.9472985360835    -65.2080078125
1904.6781253593983    -127.720703125
1905.4089521827132    -115.2333984375
1906.1397790060282    -53.74609375
1906.8706058293433    11.7412109375
1907.601432652658    13.228515625
1908.332259475973    28.7158203125
1909.063086299288    35.203125
1909.793913122603    -1.3095703125
1910.5247399459179    57.7548828125
1911.2555667692327    61.30810546875
1911.9863935925478    15.15234375
1912.7172204158628    49.91455078125
1913.4480472391776    150.4677734375
1914.1788740624925    45.02099609375
1914.9097008858075    83.57421875
1915.6405277091226    -31.37255859375
1916.3713545324372    28.6806640625
1917.1021813557522    9.23388671875
1917.8330081790673    49.787109375
1918.5638350023821    35.34033203125
1919.294661825697    41.8935546875
1920.025488649012    51.94677734375
1920.756315472327    13.0
1921.487142295642    0.0
1922.2179691189567    114.0
1922.9487959422718    12.0
1923.6796227655868    183.0
