1,1,547845
2,1,553976
3,1,556959
4,1,557943
5,1,559660
6,1,559811
7,1,560855
8,1,560443
9,1,562527
10,1,561290
11,1,562236
12,1,561362
13,1,562873
14,1,562807
15,1,563597
16,1,562900
17,1,563282
18,1,565371
19,1,564753
20,1,563644
21,1,565963
22,1,565729
23,1,565029
24,1,565986
25,1,566715
26,1,566634
27,1,567380
28,1,567013
29,1,568177
30,1,568901
31,1,568966
32,1,569120
33,1,569938
34,1,569356
35,1,570969
36,1,569820
37,1,570847
38,1,570621
39,1,571485
40,1,571642
41,1,572880
42,1,572230
43,1,573139
44,1,573334
45,1,571508
46,1,573958
47,1,574627
48,1,574616
49,1,575120
50,1,575951
51,1,576559
52,1,577248
53,1,576870
54,1,577365
55,1,578459
56,1,577507
57,1,578997
58,1,580400
59,1,580888
60,1,581278
61,1,581568
62,1,581871
63,1,582547
64,1,582938
65,1,584866
66,1,584864
67,1,586052
68,1,585575
69,1,587162
70,1,588238
71,1,589508
72,1,589611
73,1,590577
74,1,591973
75,1,592164
76,1,593574
77,1,594384
78,1,595815
79,1,596828
80,1,597429
81,1,593633
82,1,597157
83,1,601323
84,1,601173
85,1,600885
86,1,604098
87,1,604011
88,1,605173
89,1,605285
90,1,606068
91,1,607050
92,1,608128
93,1,609440
94,1,608452
95,1,609920
96,1,610136
97,1,611395
98,1,611505
99,1,611604
100,1,611864
101,1,612531
102,1,613162
103,1,613934
104,1,613804
105,1,615396
106,1,614729
107,1,617297
108,1,617106
109,1,617495
110,1,617396
111,1,617516
112,1,617954
113,1,619733
114,1,618754
115,1,619271
116,1,621210
117,1,621449
118,1,621874
119,1,622755
120,1,622392
121,1,622291
122,1,622691
123,1,624102
124,1,623959
125,1,625215
126,1,624926
127,1,624909
128,1,625988
129,1,626720
130,1,628629
131,1,626626
132,1,627240
133,1,627709
134,1,627546
135,1,630459
136,1,629083
137,1,630136
138,1,630396
139,1,631606
140,1,631091
141,1,631699
142,1,633356
143,1,634002
144,1,634540
145,1,635913
146,1,636760
147,1,637552
148,1,638183
149,1,639300
150,1,641361
151,1,641669
152,1,642931
153,1,642779
154,1,644462
155,1,645025
156,1,645773
157,1,648379
158,1,647803
159,1,649648
160,1,650033
161,1,652693
162,1,653824
163,1,654409
164,1,656179
165,1,655270
166,1,656526
167,1,658629
168,1,658415
169,1,660253
170,1,660375
171,1,659836
172,1,659896
173,1,661177
174,1,661318
175,1,661831
176,1,662113
177,1,663234
178,1,663578
179,1,664393
180,1,665630
181,1,666029
182,1,666889
183,1,667857
184,1,669717
185,1,669613
186,1,671513
187,1,673682
188,1,675002
189,1,676621
190,1,680642
191,1,681197
192,1,684116
193,1,685518
194,1,687027
195,1,689609
196,1,692788
197,1,694338
198,1,696590
199,1,699525
200,1,701806
201,1,703729
202,1,707217
203,1,707719
204,1,709394
205,1,712136
206,1,712322
207,1,713289
208,1,714688
209,1,715174
210,1,715787
211,1,714994
212,1,715162
213,1,715562
214,1,713983
215,1,712363
216,1,711255
217,1,708616
218,1,707840
219,1,705133
220,1,704998
221,1,702847
222,1,701361
223,1,699166
224,1,698760
225,1,696196
226,1,695776
227,1,694659
228,1,693188
229,1,692953
230,1,693389
231,1,691861
232,1,690549
233,1,689313
234,1,691074
235,1,689731
236,1,690361
237,1,690007
238,1,690221
239,1,689553
240,1,689386
241,1,689204
242,1,690558
243,1,689534
244,1,689824
245,1,690206
246,1,689861
247,1,690357
248,1,693223
249,1,693097
250,1,691666
251,1,692566
252,1,692768
253,1,694107
254,1,695069
255,1,695051
256,1,694960
257,1,696217
258,1,696666
259,1,697888
260,1,697430
261,1,697252
262,1,699412
263,1,698542
264,1,699231
265,1,699655
266,1,698412
267,1,700527
268,1,700884
269,1,700190
270,1,701346
271,1,701793
272,1,701140
273,1,703293
274,1,702473
275,1,702399
276,1,702741
277,1,702769
278,1,703321
279,1,704341
280,1,704854
281,1,704788
282,1,705774
283,1,705434
284,1,707752
285,1,708111
286,1,707877
287,1,708313
288,1,707529
289,1,709153
290,1,708290
291,1,710428
292,1,710446
293,1,710234
294,1,711984
295,1,710785
296,1,712336
297,1,711949
298,1,713761
299,1,712001
300,1,713943
301,1,713469
302,1,715682
303,1,714617
304,1,714052
305,1,714484
306,1,715538
307,1,716228
308,1,716236
309,1,718448
310,1,716895
311,1,719041
312,1,717623
313,1,719050
314,1,719889
315,1,720415
316,1,720249
317,1,720241
318,1,722272
319,1,721805
320,1,722100
321,1,721844
322,1,722286
323,1,725318
324,1,725224
325,1,725879
326,1,726193
327,1,727633
328,1,727357
329,1,727908
330,1,728533
331,1,727496
332,1,728222
333,1,729084
334,1,728655
335,1,728426
336,1,729569
337,1,728906
338,1,729834
339,1,730316
340,1,730630
341,1,730053
342,1,731191
343,1,730590
344,1,730304
345,1,732715
346,1,732998
347,1,734158
348,1,734902
349,1,734242
350,1,734364
351,1,735412
352,1,735477
353,1,736151
354,1,736227
355,1,737297
356,1,736459
357,1,737888
358,1,739493
359,1,739692
360,1,740016
361,1,740034
362,1,741329
363,1,741502
364,1,742262
365,1,742853
366,1,744204
367,1,744858
368,1,746276
369,1,746649
370,1,746526
371,1,746354
372,1,746007
373,1,748351
374,1,747483
375,1,747278
376,1,748580
377,1,748858
378,1,749917
379,1,749545
380,1,749435
381,1,749315
382,1,750795
383,1,751637
384,1,750675
385,1,751938
386,1,751598
387,1,753182
388,1,752591
389,1,753287
390,1,753754
391,1,755844
392,1,756556
393,1,756318
394,1,756765
395,1,758294
396,1,756991
397,1,758634
398,1,759307
399,1,761126
400,1,761395
401,1,761325
402,1,762528
403,1,762412
404,1,763128
405,1,763655
406,1,763456
407,1,763248
408,1,764946
409,1,763865
410,1,764120
411,1,765348
412,1,765864
413,1,765832
414,1,768288
415,1,766969
416,1,767669
417,1,767370
418,1,769368
419,1,768770
420,1,768803
421,1,770458
422,1,771211
423,1,771080
424,1,772116
425,1,772011
426,1,770826
427,1,772783
428,1,774342
429,1,773593
430,1,774076
431,1,774945
432,1,774625
433,1,775778
434,1,776506
435,1,777607
436,1,778098
437,1,777070
438,1,777818
439,1,778116
440,1,778978
441,1,779818
442,1,780453
443,1,779800
444,1,780555
445,1,779579
446,1,780174
447,1,781583
448,1,781633
449,1,780876
450,1,783113
451,1,781843
452,1,782441
453,1,782377
454,1,782481
455,1,784144
456,1,784618
457,1,785365
458,1,784553
459,1,784693
460,1,785306
461,1,786671
462,1,786792
463,1,786629
464,1,787527
465,1,787798
466,1,789794
467,1,786997
468,1,787736
469,1,788684
470,1,787757
471,1,789423
472,1,789901
473,1,788554
474,1,789484
475,1,789952
476,1,791557
477,1,790291
478,1,790377
479,1,790949
480,1,791063
481,1,791148
482,1,792881
483,1,792309
484,1,793685
485,1,794250
486,1,794919
487,1,796142
488,1,796758
489,1,795176
490,1,797157
491,1,797898
492,1,798912
493,1,799299
494,1,800089
495,1,801440
496,1,801679
497,1,800967
498,1,802537
499,1,803350
500,1,804330
501,1,803753
502,1,805817
503,1,805545
504,1,805183
505,1,806679
506,1,807203
507,1,807200
508,1,806452
509,1,807407
510,1,807147
511,1,808149
512,1,808964
513,1,809589
514,1,811443
515,1,811166
516,1,812839
517,1,812956
518,1,812536
519,1,813621
520,1,815131
521,1,814473
522,1,816053
523,1,816937
524,1,818478
525,1,817850
526,1,818277
527,1,819107
528,1,819146
529,1,817978
530,1,820269
531,1,820614
532,1,822593
533,1,821335
534,1,821043
535,1,822646
536,1,821870
537,1,823283
538,1,823747
539,1,822982
540,1,824362
541,1,824572
542,1,825216
543,1,825384
544,1,826292
545,1,825902
546,1,826328
547,1,828164
548,1,828620
549,1,827980
550,1,830331
551,1,830269
552,1,830161
553,1,829514
554,1,829978
555,1,830807
556,1,832433
557,1,833469
558,1,832529
559,1,834832
560,1,835868
561,1,836014
562,1,837091
563,1,837550
564,1,838068
565,1,839292
566,1,839740
567,1,840250
568,1,840750
569,1,842477
570,1,843086
571,1,842801
572,1,845358
573,1,845305
574,1,845521
575,1,845408
576,1,847553
577,1,848200
578,1,848983
579,1,848395
580,1,849371
581,1,849550
582,1,853149
583,1,851888
584,1,854038
585,1,855527
586,1,855991
587,1,856137
588,1,855669
589,1,856614
590,1,857943
591,1,858127
592,1,858253
593,1,860730
594,1,861400
595,1,861975
596,1,863766
597,1,863385
598,1,864135
599,1,866494
600,1,866386
601,1,867860
602,1,869510
603,1,870583
604,1,870084
605,1,873112
606,1,873874
607,1,875228
608,1,877912
609,1,880340
610,1,881040
611,1,881722
612,1,883390
613,1,887454
614,1,888467
615,1,890752
616,1,893009
617,1,895626
618,1,898615
619,1,900412
620,1,903731
621,1,904641
622,1,907136
623,1,910465
624,1,914310
625,1,916356
626,1,918890
627,1,922773
628,1,926837
629,1,930526
630,1,933482
631,1,935125
632,1,938436
633,1,942634
634,1,946775
635,1,951048
636,1,952020
637,1,956270
638,1,959725
639,1,964445
640,1,968713
641,1,971192
642,1,975326
643,1,979394
644,1,985439
645,1,987638
646,1,993655
647,1,998679
648,1,1002522
649,1,1006352
650,1,1010816
651,1,1015422
652,1,1018488
653,1,1022733
654,1,1027225
655,1,1028603
656,1,1032231
657,1,1032838
658,1,1032806
659,1,1034267
660,1,1032876
661,1,1029999
662,1,1028506
663,1,1025264
664,1,1021845
665,1,1018032
666,1,1013119
667,1,1008894
668,1,1004378
669,1,1001573
670,1,995621
671,1,990738
672,1,985878
673,1,981647
674,1,979012
675,1,975651
676,1,972228
677,1,968650
678,1,966610
679,1,964679
680,1,963423
681,1,963536
682,1,962394
683,1,962361
684,1,964230
685,1,966692
686,1,968020
687,1,968229
688,1,970806
689,1,973773
690,1,975994
691,1,980715
692,1,983887
693,1,987205
694,1,987408
695,1,993195
696,1,996943
697,1,1001329
698,1,1004142
699,1,1008974
700,1,1010547
701,1,1014801
702,1,1017387
703,1,1019506
704,1,1024061
705,1,1024288
706,1,1028342
707,1,1027076
708,1,1027102
709,1,1026549
710,1,1026531
711,1,1023073
712,1,1020818
713,1,1019345
714,1,1018910
715,1,1014001
716,1,1010995
717,1,1007194
718,1,1004561
719,1,1001320
720,1,1000863
721,1,995348
722,1,993452
723,1,990265
724,1,988231
725,1,985043
726,1,982907
727,1,982134
728,1,979034
729,1,977210
730,1,975768
731,1,974561
732,1,972564
733,1,972356
734,1,970128
735,1,970139
736,1,968471
737,1,966626
738,1,967647
739,1,965330
740,1,963982
741,1,963994
742,1,963013
743,1,963340
744,1,963317
745,1,960704
746,1,961151
747,1,960288
748,1,960308
749,1,959689
750,1,960695
751,1,959435
752,1,960184
753,1,958576
754,1,958551
755,1,957250
756,1,956565
757,1,954564
758,1,956222
759,1,956058
760,1,956744
761,1,955186
762,1,955020
763,1,954927
764,1,954892
765,1,953983
766,1,955269
767,1,955099
768,1,955653
769,1,954483
770,1,954688
771,1,954620
772,1,954918
773,1,954955
774,1,953497
775,1,953386
776,1,951794
777,1,950599
778,1,947699
779,1,948234
780,1,950166
781,1,948654
782,1,948067
783,1,946166
784,1,948681
785,1,949957
786,1,948619
787,1,948605
788,1,948584
789,1,951770
790,1,949904
791,1,950281
792,1,951532
793,1,951321
794,1,952050
795,1,952264
796,1,950876
797,1,950630
798,1,951236
799,1,949258
800,1,950691
801,1,952481
802,1,950969
803,1,952475
804,1,951724
805,1,951616
806,1,953179
807,1,953409
808,1,954143
809,1,954134
810,1,955398
811,1,955294
812,1,953981
813,1,955995
814,1,955827
815,1,955407
816,1,953031
817,1,953277
818,1,952198
819,1,951298
820,1,951579
821,1,951722
822,1,950525
823,1,951511
824,1,951356
825,1,951515
826,1,950343
827,1,952596
828,1,951022
829,1,952954
830,1,952634
831,1,953013
832,1,953098
833,1,954227
834,1,956500
835,1,957789
836,1,960462
837,1,961419
838,1,962085
839,1,964357
840,1,966400
841,1,967225
842,1,968789
843,1,968689
844,1,971694
845,1,972609
846,1,972434
847,1,972691
848,1,974734
849,1,977065
850,1,975076
851,1,979611
852,1,978608
853,1,979758
854,1,979502
855,1,980669
856,1,982223
857,1,981418
858,1,981677
859,1,983253
860,1,982810
861,1,983775
862,1,983818
863,1,984389
864,1,986652
865,1,986098
866,1,986248
867,1,988803
868,1,987084
869,1,988581
870,1,988139
871,1,988204
872,1,988447
873,1,988623
874,1,990451
875,1,990289
876,1,991617
877,1,990531
878,1,990033
879,1,990949
880,1,990430
881,1,990198
882,1,988465
883,1,990819
884,1,991849
885,1,991685
886,1,991478
887,1,990037
888,1,991797
889,1,992018
890,1,992559
891,1,985530
892,1,994033
893,1,994649
894,1,995500
895,1,994798
896,1,996803
897,1,996088
898,1,996287
899,1,997526
900,1,997180
901,1,999129
902,1,998920
903,1,999246
904,1,997445
905,1,998312
906,1,1000850
907,1,1001430
908,1,999662
909,1,999943
910,1,999742
911,1,1000119
912,1,1001290
913,1,1000488
914,1,1001275
915,1,1002272
916,1,1005345
917,1,1006172
918,1,1005361
919,1,1007547
920,1,1009158
921,1,1011911
922,1,1010674
923,1,1012366
924,1,1014688
925,1,1015384
926,1,1016198
927,1,1015150
928,1,1018642
929,1,1019033
930,1,1016635
931,1,1018196
932,1,1019236
933,1,1022464
934,1,1021297
935,1,1021374
936,1,1024117
937,1,1024736
938,1,1024120
939,1,1025138
940,1,1025360
941,1,1025843
942,1,1027307
943,1,1029117
944,1,1029151
945,1,1030966
946,1,1031206
947,1,1031180
948,1,1031693
949,1,1032124
950,1,1034131
951,1,1032291
952,1,1033472
953,1,1034064
954,1,1035993
955,1,1036082
956,1,1036080
957,1,1037834
958,1,1036990
959,1,1037947
960,1,1038250
961,1,1039318
962,1,1038228
963,1,1040216
964,1,1040615
965,1,1040072
966,1,1041197
967,1,1041896
968,1,1043477
969,1,1043461
970,1,1042811
971,1,1044412
972,1,1043408
973,1,1046007
974,1,1045928
975,1,1047348
976,1,1047110
977,1,1047772
978,1,1048185
979,1,1048977
980,1,1048810
981,1,1051958
982,1,1049584
983,1,1049855
984,1,1050496
985,1,1049848
986,1,1053052
987,1,1052344
988,1,1052022
989,1,1053487
990,1,1054408
991,1,1056288
992,1,1056677
993,1,1057154
994,1,1056876
995,1,1058408
996,1,1057474
997,1,1058556
998,1,1061634
999,1,1062611
1000,1,1060891
1001,1,1062784
1002,1,1063698
1003,1,1063925
1004,1,1067491
1005,1,1067956
1006,1,1067724
1007,1,1070408
1008,1,1069611
1009,1,1069884
1010,1,1076315
1011,1,1073983
1012,1,1075858
1013,1,1078389
1014,1,1081241
1015,1,1081352
1016,1,1085696
1017,1,1087185
1018,1,1089225
1019,1,1089989
1020,1,1093549
1021,1,1096768
1022,1,1099417
1023,1,1100952
1024,1,1103566
1025,1,1107865
1026,1,1108872
1027,1,1109406
1028,1,1112624
1029,1,1112858
1030,1,1116288
1031,1,1117779
1032,1,1119365
1033,1,1121411
1034,1,1119461
1035,1,1120312
1036,1,1122581
1037,1,1122673
1038,1,1122386
1039,1,1121058
1040,1,1122403
1041,1,1121882
1042,1,1121857
1043,1,1121539
1044,1,1121379
1045,1,1121798
1046,1,1119379
1047,1,1120450
1048,1,1120931
1049,1,1121363
1050,1,1120676
1051,1,1120678
1052,1,1119079
1053,1,1120446
1054,1,1118474
1055,1,1119398
1056,1,1119318
1057,1,1117999
1058,1,1117471
1059,1,1117767
1060,1,1117053
1061,1,1116534
1062,1,1116437
1063,1,1115052
1064,1,1114531
1065,1,1113522
1066,1,1111333
1067,1,1110497
1068,1,1110828
1069,1,1108111
1070,1,1107721
1071,1,1110073
1072,1,1108130
1073,1,1107328
1074,1,1106581
1075,1,1104826
1076,1,1105223
1077,1,1104333
1078,1,1101879
1079,1,1101699
1080,1,1102756
1081,1,1102145
1082,1,1103401
1083,1,1101675
1084,1,1100295
1085,1,1099072
1086,1,1099699
1087,1,1099347
1088,1,1098161
1089,1,1098768
1090,1,1098329
1091,1,1097412
1092,1,1098044
1093,1,1097038
1094,1,1096770
1095,1,1097257
1096,1,1099201
1097,1,1097707
1098,1,1097824
1099,1,1097042
1100,1,1098334
1101,1,1096057
1102,1,1098287
1103,1,1097106
1104,1,1096152
1105,1,1096810
1106,1,1098550
1107,1,1098395
1108,1,1098905
1109,1,1097919
1110,1,1099758
1111,1,1100414
1112,1,1099290
1113,1,1099558
1114,1,1099973
1115,1,1101796
1116,1,1100678
1117,1,1102655
1118,1,1100782
1119,1,1102398
1120,1,1102223
1121,1,1104212
1122,1,1106141
1123,1,1103886
1124,1,1106314
1125,1,1105330
1126,1,1107062
1127,1,1106178
1128,1,1107119
1129,1,1106312
1130,1,1107065
1131,1,1107772
1132,1,1109161
1133,1,1109053
1134,1,1109406
1135,1,1108310
1136,1,1107134
1137,1,1107830
1138,1,1108007
1139,1,1107931
1140,1,1107113
1141,1,1106829
1142,1,1107483
1143,1,1106477
1144,1,1109986
1145,1,1108477
1146,1,1109073
1147,1,1109470
1148,1,1108875
1149,1,1107870
1150,1,1107677
1151,1,1107986
1152,1,1107251
1153,1,1108436
1154,1,1108491
1155,1,1107530
1156,1,1107118
1157,1,1107672
1158,1,1105585
1159,1,1108231
1160,1,1108154
1161,1,1107665
1162,1,1108908
1163,1,1110576
1164,1,1109133
1165,1,1109949
1166,1,1110852
1167,1,1109675
1168,1,1111414
1169,1,1110998
1170,1,1110352
1171,1,1109411
1172,1,1110128
1173,1,1110178
1174,1,1111668
1175,1,1111883
1176,1,1111892
1177,1,1111702
1178,1,1113751
1179,1,1113907
1180,1,1112889
1181,1,1113622
1182,1,1113225
1183,1,1112542
1184,1,1111493
1185,1,1112069
1186,1,1112009
1187,1,1113903
1188,1,1113623
1189,1,1112555
1190,1,1112414
1191,1,1112233
1192,1,1113408
1193,1,1112484
1194,1,1113794
1195,1,1112840
1196,1,1111807
1197,1,1115461
1198,1,1114387
1199,1,1115799
1200,1,1116146
1201,1,1115088
1202,1,1116633
1203,1,1114962
1204,1,1117646
1205,1,1115660
1206,1,1117105
1207,1,1116897
1208,1,1116332
1209,1,1116614
1210,1,1117204
1211,1,1117779
1212,1,1118180
1213,1,1119758
1214,1,1118771
1215,1,1119042
1216,1,1119532
1217,1,1120796
1218,1,1119503
1219,1,1118813
1220,1,1118754
1221,1,1121209
1222,1,1120594
1223,1,1117710
1224,1,1119326
1225,1,1118798
1226,1,1117348
1227,1,1116532
1228,1,1118609
1229,1,1118215
1230,1,1118606
1231,1,1118058
1232,1,1118493
1233,1,1119550
1234,1,1119850
1235,1,1119428
1236,1,1119882
1237,1,1121200
1238,1,1120815
1239,1,1120563
1240,1,1120375
1241,1,1121889
1242,1,1121267
1243,1,1122597
1244,1,1121933
1245,1,1120552
1246,1,1121128
1247,1,1121529
1248,1,1120183
1249,1,1119977
1250,1,1121300
1251,1,1117941
1252,1,1117919
1253,1,1118527
1254,1,1117804
1255,1,1118060
1256,1,1117946
1257,1,1118754
1258,1,1117753
1259,1,1119491
1260,1,1118132
1261,1,1120492
1262,1,1120531
1263,1,1121068
1264,1,1122611
1265,1,1123453
1266,1,1124875
1267,1,1124311
1268,1,1125714
1269,1,1124275
1270,1,1124944
1271,1,1126591
1272,1,1125352
1273,1,1125713
1274,1,1125885
1275,1,1126376
1276,1,1128313
1277,1,1131105
1278,1,1128803
1279,1,1129082
1280,1,1131030
1281,1,1130238
1282,1,1131334
1283,1,1131960
1284,1,1130053
1285,1,1129168
1286,1,1128799
1287,1,1129248
1288,1,1128510
1289,1,1127751
1290,1,1129549
1291,1,1129905
1292,1,1132121
1293,1,1131258
1294,1,1131960
1295,1,1132422
1296,1,1132735
1297,1,1132684
1298,1,1133581
1299,1,1134059
1300,1,1134592
1301,1,1136090
1302,1,1133993
1303,1,1136433
1304,1,1135028
1305,1,1138078
1306,1,1138435
1307,1,1137882
1308,1,1136119
1309,1,1136971
1310,1,1137953
1311,1,1137530
1312,1,1139176
1313,1,1138211
1314,1,1140111
1315,1,1139778
1316,1,1141179
1317,1,1141058
1318,1,1141553
1319,1,1140975
1320,1,1142291
1321,1,1141541
1322,1,1141547
1323,1,1141822
1324,1,1139941
1325,1,1141206
1326,1,1139433
1327,1,1139957
1328,1,1140662
1329,1,1141225
1330,1,1140023
1331,1,1139303
1332,1,1138973
1333,1,1138442
1334,1,1140488
1335,1,1138744
1336,1,1139271
1337,1,1139401
1338,1,1136542
1339,1,1138053
1340,1,1135522
