1,1,11724
2,1,12071
3,1,12179
4,1,12139
5,1,12037
6,1,12062
7,1,12027
8,1,12102
9,1,12023
10,1,11979
11,1,12014
12,1,11976
13,1,11984
14,1,11975
15,1,12040
16,1,11997
17,1,12029
18,1,11970
19,1,11983
20,1,11986
21,1,11970
22,1,11991
23,1,11996
24,1,11970
25,1,11998
26,1,12002
27,1,12063
28,1,12055
29,1,12020
30,1,12018
31,1,12021
32,1,12041
33,1,12064
34,1,12071
35,1,12072
36,1,12043
37,1,12084
38,1,12060
39,1,12085
40,1,12080
41,1,12110
42,1,12128
43,1,12085
44,1,12096
45,1,12037
46,1,12036
47,1,12092
48,1,12092
49,1,12083
50,1,12067
51,1,12091
52,1,12108
53,1,12085
54,1,12084
55,1,12095
56,1,12075
57,1,12119
58,1,12092
59,1,12072
60,1,12075
61,1,12077
62,1,12081
63,1,12044
64,1,12063
65,1,12103
66,1,12075
67,1,12104
68,1,12020
69,1,12034
70,1,12091
71,1,12071
72,1,12058
73,1,12057
74,1,12012
75,1,12041
76,1,12036
77,1,12068
78,1,12060
79,1,12060
80,1,12071
81,1,12027
82,1,12065
83,1,12061
84,1,12064
85,1,12073
86,1,12090
87,1,12052
88,1,12095
89,1,12110
90,1,12076
91,1,12067
92,1,12049
93,1,12055
94,1,11974
95,1,12096
96,1,12065
97,1,12035
98,1,12038
99,1,12056
100,1,12097
101,1,12063
102,1,12116
103,1,12057
104,1,12067
105,1,12038
106,1,12021
107,1,12021
108,1,12031
109,1,12040
110,1,12083
111,1,12061
112,1,12023
113,1,12069
114,1,12048
115,1,12019
116,1,12043
117,1,12060
118,1,12068
119,1,12050
120,1,12010
121,1,12034
122,1,12050
123,1,12068
124,1,12065
125,1,12062
126,1,12080
127,1,12032
128,1,12062
129,1,12048
130,1,12045
131,1,12032
132,1,12069
133,1,12067
134,1,12089
135,1,12049
136,1,12020
137,1,12065
138,1,12048
139,1,12085
140,1,11736
141,1,12094
142,1,12041
143,1,12062
144,1,12020
145,1,12050
146,1,12067
147,1,12007
148,1,12068
149,1,12035
150,1,12026
151,1,12031
152,1,12024
153,1,12041
154,1,12030
155,1,12007
156,1,12017
157,1,12057
158,1,12030
159,1,12060
160,1,12032
161,1,12032
162,1,12050
163,1,12003
164,1,12033
165,1,12021
166,1,12039
167,1,12008
168,1,11998
169,1,11998
170,1,12020
171,1,12050
172,1,12058
173,1,12029
174,1,12059
175,1,12085
176,1,12038
177,1,12041
178,1,12038
179,1,12041
180,1,12056
181,1,12035
182,1,12084
183,1,12082
184,1,12044
185,1,12060
186,1,12067
187,1,12114
188,1,12042
189,1,12114
190,1,12021
191,1,12081
192,1,12094
193,1,12034
194,1,12049
195,1,12108
196,1,12071
197,1,12080
198,1,12030
199,1,12064
200,1,12074
201,1,12066
202,1,12110
203,1,12063
204,1,12060
205,1,12052
206,1,12050
207,1,12083
208,1,12064
209,1,12063
210,1,12081
211,1,12065
212,1,12067
213,1,12054
214,1,12064
215,1,12043
216,1,12104
217,1,12033
218,1,12071
219,1,12115
220,1,12056
221,1,12132
222,1,12067
223,1,12103
224,1,12089
225,1,12080
226,1,12062
227,1,12023
228,1,12049
229,1,12024
230,1,12104
231,1,12041
232,1,12088
233,1,12044
234,1,12045
235,1,12077
236,1,12082
237,1,12090
238,1,12074
239,1,12090
240,1,12112
241,1,12076
242,1,12101
243,1,12098
244,1,12044
245,1,12058
246,1,12108
247,1,12114
248,1,12098
249,1,12091
250,1,12098
251,1,12120
252,1,12099
253,1,12089
254,1,12064
255,1,12111
256,1,12114
257,1,12110
258,1,12104
259,1,12049
260,1,12113
261,1,12092
262,1,12094
263,1,12099
264,1,12118
265,1,12137
266,1,12092
267,1,12110
268,1,12133
269,1,12088
270,1,12080
271,1,12178
272,1,12091
273,1,12113
274,1,12139
275,1,12120
276,1,12108
277,1,12131
278,1,12097
279,1,12106
280,1,12110
281,1,12084
282,1,12128
283,1,12097
284,1,12078
285,1,12104
286,1,12107
287,1,12071
288,1,12117
289,1,12115
290,1,12050
291,1,12122
292,1,12090
293,1,12107
294,1,12098
295,1,12007
296,1,12119
297,1,12095
298,1,12084
299,1,12117
300,1,12083
301,1,12100
302,1,12090
303,1,12066
304,1,12106
305,1,12085
306,1,12102
307,1,12130
308,1,12097
309,1,12117
310,1,12147
311,1,12182
312,1,12237
313,1,12247
314,1,12230
315,1,12259
316,1,12277
317,1,12250
318,1,12293
319,1,12309
320,1,12324
321,1,12343
322,1,12380
323,1,12432
324,1,12562
325,1,12732
326,1,13045
327,1,13597
328,1,14006
329,1,14359
330,1,14517
331,1,14402
332,1,14114
333,1,13640
334,1,13148
335,1,12797
336,1,12436
337,1,12212
338,1,12123
339,1,12180
340,1,12107
341,1,12076
342,1,12122
343,1,12053
344,1,12118
345,1,12094
346,1,12084
347,1,12091
348,1,12089
349,1,12123
350,1,12122
351,1,12125
352,1,12075
353,1,12115
354,1,12083
355,1,12093
356,1,12143
357,1,12090
358,1,12116
359,1,12111
360,1,12107
361,1,12079
362,1,12112
363,1,12161
364,1,12098
365,1,12145
366,1,12151
367,1,12121
368,1,12119
369,1,12165
370,1,12151
371,1,12126
372,1,12134
373,1,12085
374,1,12117
375,1,12076
376,1,12103
377,1,12103
378,1,12161
379,1,12150
380,1,12129
381,1,12058
382,1,12203
383,1,12124
384,1,12155
385,1,12196
386,1,12124
387,1,12173
388,1,12154
389,1,12159
390,1,12136
391,1,12140
392,1,12158
393,1,12203
394,1,12211
395,1,12207
396,1,12186
397,1,12171
398,1,12131
399,1,12180
400,1,12241
401,1,12196
402,1,12179
403,1,12172
404,1,12175
405,1,12177
406,1,12129
407,1,12174
408,1,12203
409,1,12193
410,1,12136
411,1,12205
412,1,12178
413,1,12204
414,1,12180
415,1,12145
416,1,12169
417,1,12234
418,1,12139
419,1,12319
420,1,12226
421,1,12182
422,1,12168
423,1,12119
424,1,12197
425,1,12143
426,1,12152
427,1,12184
428,1,12153
429,1,12139
430,1,12131
431,1,12154
432,1,12154
433,1,12156
434,1,12162
435,1,12124
436,1,12090
437,1,12133
438,1,12121
439,1,12104
440,1,12156
441,1,12126
442,1,12149
443,1,12112
444,1,12145
445,1,12109
446,1,12091
447,1,12100
448,1,12141
449,1,12149
450,1,12116
451,1,12092
452,1,12125
453,1,12107
454,1,12112
455,1,12053
456,1,12087
457,1,12126
458,1,12076
459,1,12108
460,1,12069
461,1,12077
462,1,12107
463,1,12102
464,1,12081
465,1,12102
466,1,12110
467,1,12132
468,1,12059
469,1,12022
470,1,12081
471,1,12111
472,1,12118
473,1,12087
474,1,12114
475,1,12106
476,1,12078
477,1,12112
478,1,12101
479,1,12130
480,1,12071
481,1,12036
482,1,12094
483,1,12097
484,1,12113
485,1,12124
486,1,12037
487,1,12141
488,1,12167
489,1,12129
490,1,12171
491,1,12135
492,1,12045
493,1,12099
494,1,12030
495,1,12104
496,1,12079
497,1,12078
498,1,12060
499,1,12058
500,1,12115
501,1,12086
502,1,12108
503,1,12093
504,1,12118
505,1,12143
506,1,12133
507,1,12092
508,1,12095
509,1,12135
510,1,12100
511,1,12083
512,1,12176
513,1,12121
514,1,12125
515,1,12247
516,1,12130
517,1,12159
518,1,12133
519,1,12137
520,1,12149
521,1,12126
522,1,12133
523,1,12107
524,1,12118
525,1,12153
526,1,12157
527,1,12159
528,1,12109
529,1,12089
530,1,12132
531,1,12071
532,1,12123
533,1,12199
534,1,12163
535,1,12136
536,1,12157
537,1,12157
538,1,12132
539,1,12098
540,1,12162
541,1,12134
542,1,12200
543,1,12136
544,1,12154
545,1,12106
546,1,12120
547,1,12137
548,1,12184
549,1,12147
550,1,12128
551,1,12152
552,1,12150
553,1,12143
554,1,12166
555,1,12084
556,1,12147
557,1,12105
558,1,12151
559,1,12146
560,1,12136
561,1,12176
562,1,12135
563,1,12159
564,1,12190
565,1,12154
566,1,12177
567,1,12158
568,1,12157
569,1,12230
570,1,12182
571,1,12179
572,1,12162
573,1,12170
574,1,12229
575,1,12168
576,1,12179
577,1,12159
578,1,12171
579,1,12195
580,1,12225
581,1,12218
582,1,12168
583,1,12158
584,1,12169
585,1,12194
586,1,12226
587,1,12262
588,1,12333
589,1,12218
590,1,12215
591,1,12226
592,1,12200
593,1,12249
594,1,12240
595,1,12248
596,1,12197
597,1,12273
598,1,12236
599,1,12297
600,1,12240
601,1,12331
602,1,12253
603,1,12324
604,1,12394
605,1,12327
606,1,12324
607,1,12314
608,1,12278
609,1,12276
610,1,12250
611,1,12307
612,1,12335
613,1,12281
614,1,12309
615,1,12286
616,1,12290
617,1,12255
618,1,12262
619,1,12300
620,1,12270
621,1,12261
622,1,12286
623,1,12285
624,1,12311
625,1,12235
626,1,12174
627,1,12232
628,1,12248
629,1,12230
630,1,12260
631,1,12175
632,1,12410
633,1,12240
634,1,12205
635,1,12165
636,1,12200
637,1,12242
638,1,12251
639,1,12201
640,1,12213
641,1,12230
642,1,12220
643,1,12169
644,1,12247
645,1,12246
646,1,12194
647,1,12156
648,1,12139
649,1,12223
650,1,12196
651,1,12227
652,1,12213
653,1,12219
654,1,12151
655,1,12200
656,1,12165
657,1,12196
658,1,12197
659,1,12233
660,1,12227
661,1,12187
662,1,12309
663,1,12218
664,1,12185
665,1,12211
666,1,12214
667,1,12195
668,1,12226
669,1,12190
670,1,12195
671,1,12187
672,1,12200
673,1,12232
674,1,12212
675,1,12204
676,1,12182
677,1,12153
678,1,12198
679,1,12176
680,1,12155
681,1,12157
682,1,12199
683,1,12229
684,1,12218
685,1,12142
686,1,12191
687,1,12185
688,1,12178
689,1,12174
690,1,12209
691,1,12176
692,1,12158
693,1,12155
694,1,12215
695,1,12188
696,1,12238
697,1,12185
698,1,12187
699,1,12193
700,1,12215
701,1,12241
702,1,12170
703,1,12149
704,1,12192
705,1,12198
706,1,12185
707,1,12193
708,1,12192
709,1,12206
710,1,12202
711,1,12183
712,1,12151
713,1,12176
714,1,12192
715,1,12202
716,1,12185
717,1,12157
718,1,12164
719,1,12193
720,1,12167
721,1,12209
722,1,12139
723,1,12213
724,1,12193
725,1,12180
726,1,12121
727,1,12152
728,1,12129
729,1,12200
730,1,12167
731,1,12157
732,1,12141
733,1,12125
734,1,12188
735,1,12166
736,1,12173
737,1,12197
738,1,12178
739,1,12212
740,1,12186
741,1,12153
742,1,12193
743,1,12159
744,1,12192
745,1,12162
746,1,12145
747,1,12160
748,1,12128
749,1,12162
750,1,12179
751,1,12167
752,1,12142
753,1,12143
754,1,12147
755,1,12219
756,1,12155
757,1,12156
758,1,12188
759,1,12181
760,1,12164
761,1,12165
762,1,12170
763,1,12177
764,1,12139
765,1,12195
766,1,12200
767,1,12195
768,1,12206
769,1,12170
770,1,12173
771,1,12208
772,1,12213
773,1,12189
774,1,12199
775,1,12211
776,1,12209
777,1,12184
778,1,12172
779,1,12201
780,1,12187
781,1,12217
782,1,12234
783,1,12192
784,1,12236
785,1,12217
786,1,12193
787,1,12194
788,1,12203
789,1,12174
790,1,12172
791,1,12211
792,1,12156
793,1,12236
794,1,12168
795,1,12161
796,1,12175
797,1,12156
798,1,12188
799,1,12182
800,1,12180
801,1,12156
802,1,12166
803,1,12158
804,1,12171
805,1,12200
806,1,12194
807,1,12185
808,1,12178
809,1,12180
810,1,12117
811,1,12129
812,1,12204
813,1,12192
814,1,12301
815,1,12325
816,1,12139
817,1,12202
818,1,12137
819,1,12155
820,1,12185
821,1,12205
822,1,12202
823,1,12146
824,1,12204
825,1,12225
826,1,12196
827,1,12225
828,1,12219
829,1,12200
830,1,12230
831,1,12176
832,1,12206
833,1,12211
834,1,12206
835,1,12217
836,1,12205
837,1,12174
838,1,12247
839,1,12215
840,1,12239
841,1,12261
842,1,12227
843,1,12178
844,1,12206
845,1,12222
846,1,12183
847,1,12222
848,1,12314
849,1,12231
850,1,12252
851,1,12284
852,1,12243
853,1,12288
854,1,12269
855,1,12254
856,1,12245
857,1,12300
858,1,12254
859,1,12266
860,1,12284
861,1,12303
862,1,12256
863,1,12277
864,1,12292
865,1,12325
866,1,12297
867,1,12316
868,1,12285
869,1,12284
870,1,12315
871,1,12251
872,1,12295
873,1,12281
874,1,12236
875,1,12276
876,1,12254
877,1,12221
878,1,12263
879,1,12236
880,1,12233
881,1,12248
882,1,12285
883,1,12227
884,1,12240
885,1,12241
886,1,12258
887,1,12270
888,1,12237
889,1,12223
890,1,12262
891,1,12210
892,1,12326
893,1,12261
894,1,12213
895,1,12178
896,1,12290
897,1,12320
898,1,12313
899,1,12309
900,1,12280
901,1,12253
902,1,12306
903,1,12249
904,1,12260
905,1,12275
906,1,12279
907,1,12228
908,1,12296
909,1,12311
910,1,12308
911,1,12335
912,1,12332
913,1,12281
914,1,12250
915,1,12263
916,1,12321
917,1,12346
918,1,12314
919,1,12347
920,1,12343
921,1,12373
922,1,12393
923,1,12367
924,1,12439
925,1,12391
926,1,12404
927,1,12391
928,1,12396
929,1,12397
930,1,12392
931,1,12374
932,1,12394
933,1,12439
934,1,12424
935,1,12409
936,1,12465
937,1,12422
938,1,12432
939,1,12418
940,1,12449
941,1,12436
942,1,12428
943,1,12444
944,1,12441
945,1,12397
946,1,12427
947,1,12436
948,1,12465
949,1,12401
950,1,12383
951,1,12402
952,1,12360
953,1,12385
954,1,12385
955,1,12413
956,1,12417
957,1,12369
958,1,12411
959,1,12463
960,1,12478
961,1,12414
962,1,12483
963,1,12485
964,1,12472
965,1,12497
966,1,12500
967,1,12465
968,1,12446
969,1,12507
970,1,12478
971,1,12448
972,1,12437
973,1,12468
974,1,12465
975,1,12468
976,1,12439
977,1,12404
978,1,12429
979,1,12402
980,1,12416
981,1,12440
982,1,12397
983,1,12450
984,1,12408
985,1,12382
986,1,12377
987,1,12388
988,1,12411
989,1,12438
990,1,12383
991,1,12412
992,1,12434
993,1,12439
994,1,12455
995,1,12430
996,1,12511
997,1,12447
998,1,12387
999,1,12396
1000,1,12352
1001,1,12347
1002,1,12336
1003,1,12313
1004,1,12312
1005,1,12365
1006,1,12306
1007,1,12282
1008,1,12328
1009,1,12307
1010,1,14875
1011,1,12357
1012,1,12234
1013,1,12241
1014,1,12267
1015,1,12262
1016,1,12259
1017,1,12278
1018,1,12262
1019,1,12250
1020,1,12284
1021,1,12275
1022,1,12247
1023,1,12289
1024,1,12292
1025,1,12213
1026,1,12212
1027,1,12277
1028,1,12267
1029,1,12259
1030,1,12294
1031,1,12324
1032,1,12308
1033,1,12344
1034,1,12328
1035,1,12289
1036,1,12296
1037,1,12362
1038,1,12358
1039,1,12361
1040,1,12355
1041,1,12354
1042,1,12389
1043,1,12366
1044,1,12370
1045,1,12355
1046,1,12364
1047,1,12392
1048,1,12382
1049,1,12359
1050,1,12366
1051,1,12373
1052,1,12317
1053,1,12385
1054,1,12369
1055,1,12275
1056,1,12358
1057,1,12281
1058,1,12275
1059,1,12233
1060,1,12327
1061,1,12238
1062,1,12261
1063,1,12265
1064,1,12239
1065,1,12270
1066,1,12245
1067,1,12261
1068,1,12272
1069,1,12279
1070,1,12203
1071,1,12220
1072,1,12234
1073,1,12202
1074,1,12278
1075,1,12213
1076,1,12238
1077,1,12237
1078,1,12207
1079,1,12211
1080,1,12185
1081,1,12236
1082,1,12213
1083,1,12305
1084,1,12259
1085,1,12219
1086,1,12227
1087,1,12248
1088,1,12227
1089,1,12226
1090,1,12212
1091,1,12227
1092,1,12210
1093,1,12216
1094,1,12236
1095,1,12251
1096,1,12147
1097,1,12199
1098,1,12196
1099,1,12246
1100,1,12210
1101,1,12258
1102,1,12214
1103,1,12194
1104,1,12212
1105,1,12248
1106,1,12203
1107,1,12264
1108,1,12221
1109,1,12203
1110,1,12218
1111,1,12197
1112,1,12215
1113,1,12218
1114,1,12223
1115,1,12252
1116,1,12247
1117,1,12191
1118,1,12234
1119,1,12241
1120,1,12194
1121,1,12253
1122,1,12185
1123,1,12223
1124,1,12226
1125,1,12218
1126,1,12252
1127,1,12170
1128,1,12220
1129,1,12202
1130,1,12221
1131,1,12218
1132,1,12236
1133,1,12263
1134,1,12228
1135,1,12225
1136,1,12249
1137,1,12148
1138,1,12215
1139,1,12240
1140,1,12186
1141,1,12235
1142,1,12193
1143,1,12200
1144,1,12202
1145,1,12211
1146,1,12192
1147,1,12200
1148,1,12167
1149,1,12154
1150,1,12197
1151,1,12159
1152,1,12163
1153,1,12167
1154,1,12188
1155,1,12264
1156,1,12267
1157,1,12217
1158,1,12233
1159,1,12174
1160,1,12183
1161,1,12219
1162,1,12173
1163,1,12207
1164,1,12234
1165,1,12217
1166,1,12183
1167,1,12194
1168,1,12206
1169,1,12267
1170,1,12234
1171,1,12239
1172,1,12227
1173,1,12249
1174,1,12156
1175,1,12179
1176,1,12168
1177,1,12239
1178,1,12195
1179,1,12203
1180,1,12264
1181,1,12202
1182,1,12231
1183,1,12265
1184,1,12254
1185,1,12211
1186,1,12206
1187,1,12213
1188,1,12225
1189,1,12223
1190,1,12274
1191,1,12226
1192,1,12228
1193,1,12241
1194,1,12219
1195,1,12281
1196,1,12182
1197,1,12180
1198,1,12190
1199,1,12189
1200,1,12222
1201,1,12251
1202,1,12244
1203,1,12305
1204,1,12324
1205,1,12200
1206,1,12234
1207,1,12224
1208,1,12200
1209,1,12275
1210,1,12222
1211,1,12257
1212,1,12195
1213,1,12202
1214,1,12253
1215,1,12198
1216,1,12255
1217,1,12188
1218,1,12210
1219,1,12220
1220,1,12231
1221,1,12215
1222,1,12233
1223,1,12225
1224,1,12187
1225,1,12205
1226,1,12287
1227,1,12251
1228,1,12268
1229,1,12242
1230,1,12221
1231,1,12231
1232,1,12213
1233,1,12169
1234,1,12235
1235,1,12170
1236,1,12194
1237,1,12178
1238,1,12261
1239,1,12254
1240,1,12206
1241,1,12245
1242,1,12226
1243,1,12233
1244,1,12201
1245,1,12269
1246,1,12223
1247,1,12197
1248,1,12156
1249,1,12199
1250,1,12258
1251,1,12212
1252,1,12201
1253,1,12253
1254,1,12250
1255,1,12267
1256,1,12243
1257,1,12205
1258,1,12234
1259,1,12246
1260,1,12217
1261,1,12210
1262,1,12280
1263,1,12215
1264,1,12250
1265,1,12160
1266,1,12223
1267,1,12170
1268,1,12311
1269,1,12232
1270,1,12201
1271,1,12263
1272,1,12227
1273,1,12206
1274,1,12190
1275,1,12215
1276,1,12199
1277,1,12199
1278,1,12264
1279,1,12237
1280,1,12230
1281,1,12252
1282,1,12262
1283,1,12213
1284,1,12257
1285,1,12375
1286,1,12201
1287,1,12229
1288,1,12268
1289,1,12262
1290,1,12221
1291,1,12233
1292,1,12172
1293,1,12254
1294,1,12239
1295,1,12278
1296,1,12295
1297,1,12245
1298,1,12275
1299,1,12266
1300,1,12248
1301,1,12257
1302,1,12317
1303,1,12308
1304,1,12261
1305,1,12250
1306,1,12238
1307,1,12240
1308,1,12239
1309,1,12290
1310,1,12263
1311,1,12281
1312,1,12266
1313,1,12222
1314,1,12289
1315,1,12306
1316,1,12279
1317,1,12304
1318,1,12279
1319,1,12275
1320,1,12227
1321,1,12285
1322,1,12308
1323,1,12334
1324,1,12276
1325,1,12295
1326,1,12286
1327,1,12298
1328,1,12293
1329,1,12309
1330,1,12340
1331,1,12266
1332,1,12323
1333,1,12283
1334,1,12328
1335,1,12299
1336,1,12323
1337,1,12319
1338,1,12341
1339,1,12367
1340,1,12334
