1,1,11757
2,1,12095
3,1,12140
4,1,12182
5,1,12119
6,1,12089
7,1,12104
8,1,12068
9,1,12033
10,1,12038
11,1,12048
12,1,12065
13,1,12074
14,1,12038
15,1,12009
16,1,12012
17,1,12018
18,1,12047
19,1,12034
20,1,12023
21,1,12054
22,1,12018
23,1,12020
24,1,12015
25,1,12055
26,1,12070
27,1,12053
28,1,12083
29,1,12083
30,1,12047
31,1,12054
32,1,12051
33,1,12102
34,1,12097
35,1,12124
36,1,12064
37,1,12071
38,1,12109
39,1,12080
40,1,12122
41,1,12128
42,1,12090
43,1,12114
44,1,12080
45,1,12065
46,1,12110
47,1,12094
48,1,12121
49,1,12113
50,1,12094
51,1,12134
52,1,12147
53,1,12170
54,1,12147
55,1,12110
56,1,12064
57,1,12111
58,1,12120
59,1,12128
60,1,12139
61,1,12132
62,1,12113
63,1,12092
64,1,12042
65,1,12129
66,1,12061
67,1,12142
68,1,12075
69,1,12035
70,1,12094
71,1,12112
72,1,12113
73,1,12094
74,1,12070
75,1,12092
76,1,12085
77,1,12121
78,1,12090
79,1,12060
80,1,12149
81,1,12111
82,1,12109
83,1,12089
84,1,12095
85,1,12101
86,1,12082
87,1,12080
88,1,12134
89,1,12120
90,1,12100
91,1,12058
92,1,12111
93,1,12091
94,1,12040
95,1,12138
96,1,12068
97,1,12080
98,1,12116
99,1,12119
100,1,12117
101,1,12062
102,1,12111
103,1,12107
104,1,12049
105,1,12098
106,1,12012
107,1,12088
108,1,12098
109,1,12084
110,1,12090
111,1,12116
112,1,12047
113,1,12093
114,1,12072
115,1,12033
116,1,12083
117,1,12084
118,1,12093
119,1,12107
120,1,12075
121,1,12088
122,1,12084
123,1,12099
124,1,12137
125,1,12110
126,1,12169
127,1,12067
128,1,12065
129,1,12091
130,1,12114
131,1,12097
132,1,12122
133,1,12089
134,1,12103
135,1,12119
136,1,12105
137,1,12105
138,1,12093
139,1,12127
140,1,11808
141,1,12209
142,1,12102
143,1,12074
144,1,12075
145,1,12130
146,1,12105
147,1,12096
148,1,12143
149,1,12085
150,1,12067
151,1,12144
152,1,12135
153,1,12046
154,1,12068
155,1,12085
156,1,12092
157,1,12129
158,1,12101
159,1,12106
160,1,12074
161,1,12050
162,1,12136
163,1,12056
164,1,12094
165,1,12059
166,1,12091
167,1,12079
168,1,12082
169,1,12055
170,1,12079
171,1,12072
172,1,12075
173,1,12097
174,1,12117
175,1,12110
176,1,12081
177,1,12126
178,1,12061
179,1,12105
180,1,12132
181,1,12064
182,1,12123
183,1,12048
184,1,12103
185,1,12141
186,1,12117
187,1,12132
188,1,12133
189,1,12143
190,1,12113
191,1,12140
192,1,12129
193,1,12105
194,1,12094
195,1,12145
196,1,12153
197,1,12151
198,1,12112
199,1,12128
200,1,12113
201,1,12081
202,1,12102
203,1,12097
204,1,12088
205,1,12089
206,1,12131
207,1,12132
208,1,12183
209,1,12107
210,1,12082
211,1,12107
212,1,12126
213,1,12124
214,1,12184
215,1,12197
216,1,12182
217,1,12139
218,1,12151
219,1,12123
220,1,12140
221,1,12141
222,1,12168
223,1,12145
224,1,12069
225,1,12160
226,1,12147
227,1,12114
228,1,12129
229,1,12165
230,1,12140
231,1,12180
232,1,12133
233,1,12102
234,1,12119
235,1,12102
236,1,12167
237,1,12115
238,1,12150
239,1,12125
240,1,12155
241,1,12124
242,1,12083
243,1,12188
244,1,12097
245,1,12137
246,1,12166
247,1,12155
248,1,12227
249,1,12157
250,1,12107
251,1,12219
252,1,12180
253,1,12122
254,1,12127
255,1,12135
256,1,12159
257,1,12162
258,1,12163
259,1,12125
260,1,12169
261,1,12127
262,1,12160
263,1,12115
264,1,12178
265,1,12198
266,1,12145
267,1,12160
268,1,12146
269,1,12155
270,1,12161
271,1,12200
272,1,12179
273,1,12212
274,1,12242
275,1,12191
276,1,12180
277,1,12234
278,1,12203
279,1,12192
280,1,12197
281,1,12200
282,1,12224
283,1,12201
284,1,12152
285,1,12215
286,1,12253
287,1,12118
288,1,12108
289,1,12179
290,1,12101
291,1,12240
292,1,12231
293,1,12162
294,1,12174
295,1,12114
296,1,12172
297,1,12260
298,1,12160
299,1,12199
300,1,12134
301,1,12155
302,1,12145
303,1,12165
304,1,12181
305,1,12188
306,1,12184
307,1,12183
308,1,12169
309,1,12212
310,1,12232
311,1,12261
312,1,12240
313,1,12260
314,1,12268
315,1,12278
316,1,12309
317,1,12334
318,1,12360
319,1,12321
320,1,12318
321,1,12330
322,1,12331
323,1,12451
324,1,12543
325,1,12805
326,1,13052
327,1,13596
328,1,14045
329,1,14354
330,1,14613
331,1,14556
332,1,14313
333,1,13782
334,1,13267
335,1,12884
336,1,12530
337,1,12351
338,1,12278
339,1,12252
340,1,12188
341,1,12250
342,1,12216
343,1,12169
344,1,12188
345,1,12225
346,1,12221
347,1,12224
348,1,12163
349,1,12184
350,1,12239
351,1,12207
352,1,12148
353,1,12190
354,1,12193
355,1,12220
356,1,12255
357,1,12174
358,1,12176
359,1,12155
360,1,12246
361,1,12229
362,1,12173
363,1,12262
364,1,12223
365,1,12179
366,1,12240
367,1,12228
368,1,12225
369,1,12256
370,1,12206
371,1,12190
372,1,12199
373,1,12200
374,1,12187
375,1,12192
376,1,12178
377,1,12221
378,1,12246
379,1,12222
380,1,12242
381,1,12287
382,1,12376
383,1,12242
384,1,12221
385,1,12270
386,1,12199
387,1,12268
388,1,12265
389,1,12296
390,1,12230
391,1,12271
392,1,12321
393,1,12317
394,1,12310
395,1,12341
396,1,12294
397,1,12279
398,1,12307
399,1,12305
400,1,12319
401,1,12336
402,1,12267
403,1,12340
404,1,12337
405,1,12350
406,1,12363
407,1,12253
408,1,12318
409,1,12264
410,1,12341
411,1,12276
412,1,12313
413,1,12360
414,1,12339
415,1,12264
416,1,12290
417,1,12339
418,1,12305
419,1,12391
420,1,12354
421,1,12297
422,1,12263
423,1,12251
424,1,12250
425,1,12292
426,1,12275
427,1,12334
428,1,12275
429,1,12243
430,1,12261
431,1,12229
432,1,12289
433,1,12266
434,1,12267
435,1,12215
436,1,12253
437,1,12267
438,1,12172
439,1,12220
440,1,12207
441,1,12212
442,1,12205
443,1,12248
444,1,12243
445,1,12209
446,1,12247
447,1,12229
448,1,12212
449,1,12242
450,1,12253
451,1,12227
452,1,12221
453,1,12205
454,1,12223
455,1,12186
456,1,12216
457,1,12210
458,1,12236
459,1,12187
460,1,12188
461,1,12223
462,1,12207
463,1,12199
464,1,12214
465,1,12201
466,1,12164
467,1,12205
468,1,12185
469,1,12160
470,1,12174
471,1,12170
472,1,12191
473,1,12167
474,1,12188
475,1,12207
476,1,12166
477,1,12211
478,1,12191
479,1,12220
480,1,12158
481,1,12194
482,1,12185
483,1,12172
484,1,12184
485,1,12186
486,1,12240
487,1,12198
488,1,12235
489,1,12256
490,1,12242
491,1,12182
492,1,12193
493,1,12225
494,1,12145
495,1,12175
496,1,12205
497,1,12227
498,1,12125
499,1,12213
500,1,12211
501,1,12215
502,1,12194
503,1,12199
504,1,12221
505,1,12226
506,1,12224
507,1,12191
508,1,12163
509,1,12169
510,1,12214
511,1,12258
512,1,12270
513,1,12235
514,1,12213
515,1,12246
516,1,12291
517,1,12209
518,1,12259
519,1,12189
520,1,12223
521,1,12242
522,1,12287
523,1,12255
524,1,12243
525,1,12284
526,1,12263
527,1,12284
528,1,12245
529,1,12212
530,1,12259
531,1,12214
532,1,12214
533,1,12258
534,1,12227
535,1,12234
536,1,12263
537,1,12252
538,1,12221
539,1,12256
540,1,12231
541,1,12243
542,1,12293
543,1,12244
544,1,12333
545,1,12249
546,1,12247
547,1,12270
548,1,12257
549,1,12292
550,1,12246
551,1,12249
552,1,12233
553,1,12230
554,1,12275
555,1,12233
556,1,12281
557,1,12292
558,1,12317
559,1,12267
560,1,12257
561,1,12269
562,1,12253
563,1,12225
564,1,12280
565,1,12297
566,1,12323
567,1,12305
568,1,12316
569,1,12330
570,1,12328
571,1,12297
572,1,12346
573,1,12293
574,1,12349
575,1,12318
576,1,12312
577,1,12345
578,1,12306
579,1,12316
580,1,12346
581,1,12374
582,1,12298
583,1,12299
584,1,12290
585,1,12319
586,1,12382
587,1,12367
588,1,12473
589,1,12366
590,1,12328
591,1,12339
592,1,12351
593,1,12389
594,1,12372
595,1,12436
596,1,12403
597,1,12385
598,1,12428
599,1,12402
600,1,12474
601,1,12480
602,1,12389
603,1,12523
604,1,12487
605,1,12435
606,1,12441
607,1,12424
608,1,12442
609,1,12445
610,1,12364
611,1,12446
612,1,12443
613,1,12390
614,1,12396
615,1,12433
616,1,12403
617,1,12388
618,1,12367
619,1,12399
620,1,12428
621,1,12388
622,1,12403
623,1,12380
624,1,12396
625,1,12339
626,1,12355
627,1,12361
628,1,12367
629,1,12313
630,1,12381
631,1,12349
632,1,12562
633,1,12375
634,1,12301
635,1,12343
636,1,12330
637,1,12383
638,1,12340
639,1,12290
640,1,12326
641,1,12353
642,1,12330
643,1,12361
644,1,12379
645,1,12323
646,1,12384
647,1,12326
648,1,12338
649,1,12316
650,1,12341
651,1,12342
652,1,12356
653,1,12396
654,1,12337
655,1,12364
656,1,12359
657,1,12340
658,1,12366
659,1,12355
660,1,12385
661,1,12341
662,1,12463
663,1,12345
664,1,12312
665,1,12361
666,1,12311
667,1,12379
668,1,12310
669,1,12327
670,1,12307
671,1,12379
672,1,12387
673,1,12383
674,1,12362
675,1,12354
676,1,12338
677,1,12390
678,1,12366
679,1,12355
680,1,12360
681,1,12353
682,1,12336
683,1,12298
684,1,12377
685,1,12354
686,1,12347
687,1,12350
688,1,12325
689,1,12312
690,1,12360
691,1,12341
692,1,12294
693,1,12332
694,1,12335
695,1,12344
696,1,12375
697,1,12309
698,1,12282
699,1,12378
700,1,12356
701,1,12295
702,1,12358
703,1,12351
704,1,12347
705,1,12321
706,1,12300
707,1,12330
708,1,12364
709,1,12382
710,1,12351
711,1,12310
712,1,12307
713,1,12333
714,1,12368
715,1,12298
716,1,12289
717,1,12362
718,1,12364
719,1,12300
720,1,12332
721,1,12303
722,1,12346
723,1,12277
724,1,12314
725,1,12291
726,1,12340
727,1,12283
728,1,12311
729,1,12340
730,1,12345
731,1,12325
732,1,12331
733,1,12364
734,1,12283
735,1,12338
736,1,12335
737,1,12373
738,1,12326
739,1,12319
740,1,12288
741,1,12286
742,1,12328
743,1,12337
744,1,12322
745,1,12316
746,1,12312
747,1,12312
748,1,12301
749,1,12315
750,1,12320
751,1,12345
752,1,12308
753,1,12288
754,1,12302
755,1,12333
756,1,12323
757,1,12372
758,1,12320
759,1,12350
760,1,12332
761,1,12284
762,1,12355
763,1,12328
764,1,12301
765,1,12334
766,1,12292
767,1,12324
768,1,12378
769,1,12359
770,1,12372
771,1,12386
772,1,12362
773,1,12438
774,1,12370
775,1,12383
776,1,12369
777,1,12379
778,1,12364
779,1,12364
780,1,12371
781,1,12386
782,1,12407
783,1,12385
784,1,12337
785,1,12431
786,1,12406
787,1,12404
788,1,12380
789,1,12383
790,1,12349
791,1,12367
792,1,12335
793,1,12334
794,1,12291
795,1,12336
796,1,12375
797,1,12357
798,1,12324
799,1,12329
800,1,12309
801,1,12318
802,1,12283
803,1,12279
804,1,12359
805,1,12337
806,1,12334
807,1,12338
808,1,12360
809,1,12355
810,1,12295
811,1,12335
812,1,12318
813,1,12323
814,1,12394
815,1,12406
816,1,12353
817,1,12364
818,1,12350
819,1,12341
820,1,12301
821,1,12431
822,1,12322
823,1,12352
824,1,12384
825,1,12388
826,1,12386
827,1,12390
828,1,12378
829,1,12377
830,1,12378
831,1,12346
832,1,12421
833,1,12427
834,1,12361
835,1,12342
836,1,12363
837,1,12344
838,1,12404
839,1,12424
840,1,12398
841,1,12395
842,1,12418
843,1,12412
844,1,12427
845,1,12399
846,1,12381
847,1,12386
848,1,12444
849,1,12440
850,1,12450
851,1,12399
852,1,12408
853,1,12377
854,1,12433
855,1,12430
856,1,12407
857,1,12438
858,1,12457
859,1,12458
860,1,12476
861,1,12521
862,1,12462
863,1,12494
864,1,12503
865,1,12508
866,1,12502
867,1,12520
868,1,12511
869,1,12485
870,1,12489
871,1,12511
872,1,12465
873,1,12523
874,1,12452
875,1,12480
876,1,12495
877,1,12452
878,1,12452
879,1,12498
880,1,12477
881,1,12532
882,1,12439
883,1,12471
884,1,12446
885,1,12461
886,1,12426
887,1,12449
888,1,12473
889,1,12435
890,1,12506
891,1,12403
892,1,12494
893,1,12485
894,1,12485
895,1,12369
896,1,12486
897,1,12459
898,1,12413
899,1,12472
900,1,12447
901,1,12468
902,1,12419
903,1,12487
904,1,12441
905,1,12465
906,1,12477
907,1,12450
908,1,12476
909,1,12445
910,1,12497
911,1,12500
912,1,12501
913,1,12536
914,1,12515
915,1,12557
916,1,12531
917,1,12582
918,1,12518
919,1,12593
920,1,12543
921,1,12550
922,1,12621
923,1,12641
924,1,12674
925,1,12693
926,1,12629
927,1,12701
928,1,12723
929,1,12691
930,1,12732
931,1,12725
932,1,12687
933,1,12748
934,1,12709
935,1,12736
936,1,12759
937,1,12706
938,1,12690
939,1,12709
940,1,12746
941,1,12645
942,1,12738
943,1,12701
944,1,12685
945,1,12659
946,1,12679
947,1,12682
948,1,12665
949,1,12680
950,1,12709
951,1,12722
952,1,12638
953,1,12672
954,1,12707
955,1,12696
956,1,12669
957,1,12709
958,1,12716
959,1,12724
960,1,12720
961,1,12787
962,1,12729
963,1,12703
964,1,12743
965,1,12772
966,1,12802
967,1,12722
968,1,12758
969,1,12803
970,1,12756
971,1,12685
972,1,12692
973,1,12778
974,1,12725
975,1,12776
976,1,12749
977,1,12714
978,1,12734
979,1,12677
980,1,12706
981,1,12697
982,1,12673
983,1,12700
984,1,12694
985,1,12691
986,1,12628
987,1,12702
988,1,12624
989,1,12704
990,1,12654
991,1,12706
992,1,12703
993,1,12677
994,1,12681
995,1,12693
996,1,12770
997,1,12712
998,1,12646
999,1,12736
1000,1,12691
1001,1,12619
1002,1,12602
1003,1,12565
1004,1,12589
1005,1,12544
1006,1,12547
1007,1,12519
1008,1,12527
1009,1,12523
1010,1,15235
1011,1,12564
1012,1,12573
1013,1,12510
1014,1,12473
1015,1,12457
1016,1,12436
1017,1,12493
1018,1,12452
1019,1,12490
1020,1,12494
1021,1,12460
1022,1,12510
1023,1,12455
1024,1,12510
1025,1,12499
1026,1,12416
1027,1,12535
1028,1,12496
1029,1,12457
1030,1,12495
1031,1,12530
1032,1,12524
1033,1,12505
1034,1,12561
1035,1,12538
1036,1,12557
1037,1,12574
1038,1,12607
1039,1,12639
1040,1,12628
1041,1,12634
1042,1,12606
1043,1,12643
1044,1,12652
1045,1,12667
1046,1,12607
1047,1,12630
1048,1,12660
1049,1,12661
1050,1,12622
1051,1,12656
1052,1,12611
1053,1,12575
1054,1,12564
1055,1,12575
1056,1,12583
1057,1,12548
1058,1,12546
1059,1,12498
1060,1,12494
1061,1,12493
1062,1,12507
1063,1,12457
1064,1,12489
1065,1,12514
1066,1,12475
1067,1,12460
1068,1,12449
1069,1,12455
1070,1,12420
1071,1,12489
1072,1,12440
1073,1,12439
1074,1,12429
1075,1,12405
1076,1,12488
1077,1,12431
1078,1,12486
1079,1,12434
1080,1,12425
1081,1,12425
1082,1,12412
1083,1,12441
1084,1,12437
1085,1,12421
1086,1,12431
1087,1,12445
1088,1,12434
1089,1,12405
1090,1,12427
1091,1,12393
1092,1,12461
1093,1,12418
1094,1,12432
1095,1,12417
1096,1,12396
1097,1,12404
1098,1,12422
1099,1,12420
1100,1,12433
1101,1,12426
1102,1,12411
1103,1,12398
1104,1,12394
1105,1,12402
1106,1,12447
1107,1,12419
1108,1,12435
1109,1,12437
1110,1,12445
1111,1,12405
1112,1,12394
1113,1,12438
1114,1,12418
1115,1,12484
1116,1,12400
1117,1,12456
1118,1,12443
1119,1,12442
1120,1,12370
1121,1,12442
1122,1,12411
1123,1,12438
1124,1,12377
1125,1,12390
1126,1,12484
1127,1,12378
1128,1,12438
1129,1,12488
1130,1,12447
1131,1,12403
1132,1,12436
1133,1,12437
1134,1,12486
1135,1,12437
1136,1,12404
1137,1,12443
1138,1,12390
1139,1,12467
1140,1,12443
1141,1,12425
1142,1,12427
1143,1,12420
1144,1,12396
1145,1,12417
1146,1,12449
1147,1,12443
1148,1,12409
1149,1,12395
1150,1,12355
1151,1,12403
1152,1,12402
1153,1,12401
1154,1,12361
1155,1,12421
1156,1,12434
1157,1,12389
1158,1,12422
1159,1,12339
1160,1,12346
1161,1,12382
1162,1,12411
1163,1,12365
1164,1,12402
1165,1,12441
1166,1,12436
1167,1,12415
1168,1,12449
1169,1,12423
1170,1,12381
1171,1,12444
1172,1,12399
1173,1,12437
1174,1,12406
1175,1,12398
1176,1,12374
1177,1,12433
1178,1,12383
1179,1,12392
1180,1,12446
1181,1,12483
1182,1,12438
1183,1,12471
1184,1,12435
1185,1,12439
1186,1,12378
1187,1,12408
1188,1,12463
1189,1,12438
1190,1,12428
1191,1,12438
1192,1,12445
1193,1,12413
1194,1,12444
1195,1,12445
1196,1,12465
1197,1,12431
1198,1,12441
1199,1,12408
1200,1,12380
1201,1,12452
1202,1,12470
1203,1,12506
1204,1,12460
1205,1,12444
1206,1,12425
1207,1,12402
1208,1,12441
1209,1,12470
1210,1,12423
1211,1,12400
1212,1,12428
1213,1,12408
1214,1,12389
1215,1,12415
1216,1,12398
1217,1,12395
1218,1,12431
1219,1,12399
1220,1,12458
1221,1,12436
1222,1,12449
1223,1,12429
1224,1,12392
1225,1,12416
1226,1,12464
1227,1,12434
1228,1,12419
1229,1,12455
1230,1,12400
1231,1,12422
1232,1,12371
1233,1,12375
1234,1,12376
1235,1,12465
1236,1,12444
1237,1,12421
1238,1,12448
1239,1,12470
1240,1,12409
1241,1,12461
1242,1,12466
1243,1,12464
1244,1,12436
1245,1,12414
1246,1,12414
1247,1,12465
1248,1,12417
1249,1,12389
1250,1,12390
1251,1,12425
1252,1,12368
1253,1,12488
1254,1,12429
1255,1,12467
1256,1,12423
1257,1,12448
1258,1,12460
1259,1,12415
1260,1,12378
1261,1,12467
1262,1,12440
1263,1,12399
1264,1,12411
1265,1,12418
1266,1,12439
1267,1,12506
1268,1,12511
1269,1,12419
1270,1,12445
1271,1,12499
1272,1,12443
1273,1,12447
1274,1,12412
1275,1,12461
1276,1,12431
1277,1,12458
1278,1,12429
1279,1,12461
1280,1,12456
1281,1,12496
1282,1,12445
1283,1,12459
1284,1,12467
1285,1,12537
1286,1,12374
1287,1,12465
1288,1,12481
1289,1,12487
1290,1,12415
1291,1,12443
1292,1,12425
1293,1,12423
1294,1,12482
1295,1,12455
1296,1,12522
1297,1,12526
1298,1,12463
1299,1,12457
1300,1,12510
1301,1,12477
1302,1,12546
1303,1,12513
1304,1,12471
1305,1,12457
1306,1,12505
1307,1,12451
1308,1,12488
1309,1,12473
1310,1,12476
1311,1,12467
1312,1,12492
1313,1,12471
1314,1,12522
1315,1,12526
1316,1,12490
1317,1,12440
1318,1,12449
1319,1,12483
1320,1,12522
1321,1,12495
1322,1,12501
1323,1,12513
1324,1,12508
1325,1,12570
1326,1,12576
1327,1,12520
1328,1,12464
1329,1,12555
1330,1,12577
1331,1,12510
1332,1,12549
1333,1,12523
1334,1,12557
1335,1,12563
1336,1,12550
1337,1,12496
1338,1,12583
1339,1,12565
1340,1,12585
