1,1,969
2,1,994
3,1,1017
4,1,937
5,1,1014
6,1,989
7,1,970
8,1,999
9,1,999
10,1,964
11,1,965
12,1,949
13,1,991
14,1,968
15,1,969
16,1,986
17,1,958
18,1,981
19,1,976
20,1,985
21,1,965
22,1,1019
23,1,985
24,1,970
25,1,996
26,1,994
27,1,993
28,1,996
29,1,980
30,1,1021
31,1,1002
32,1,981
33,1,1027
34,1,1013
35,1,1019
36,1,1046
37,1,1054
38,1,1046
39,1,1052
40,1,1050
41,1,1071
42,1,1072
43,1,1076
44,1,1097
45,1,1090
46,1,1115
47,1,1103
48,1,1106
49,1,1138
50,1,1127
51,1,1162
52,1,1162
53,1,1163
54,1,1144
55,1,1162
56,1,1206
57,1,1202
58,1,1200
59,1,1187
60,1,1195
61,1,1252
62,1,1237
63,1,1233
64,1,1258
65,1,1273
66,1,1306
67,1,1302
68,1,1326
69,1,1305
70,1,1330
71,1,1361
72,1,1412
73,1,1431
74,1,1469
75,1,1492
76,1,1555
77,1,1599
78,1,1622
79,1,1645
80,1,1745
81,1,1812
82,1,1944
83,1,2071
84,1,2304
85,1,2564
86,1,2890
87,1,3334
88,1,3859
89,1,4352
90,1,4981
91,1,5578
92,1,6069
93,1,6663
94,1,7120
95,1,7628
96,1,8119
97,1,8712
98,1,9178
99,1,9950
100,1,10563
101,1,11145
102,1,12025
103,1,12998
104,1,13809
105,1,14621
106,1,15077
107,1,15244
108,1,15033
109,1,14232
110,1,12896
111,1,11181
112,1,9311
113,1,7543
114,1,5828
115,1,4587
116,1,3533
117,1,2922
118,1,2511
119,1,2183
120,1,2063
121,1,1991
122,1,1945
123,1,1956
124,1,1973
125,1,2091
126,1,2190
127,1,2305
128,1,2436
129,1,2613
130,1,2686
131,1,2902
132,1,3068
133,1,3189
134,1,3319
135,1,3466
136,1,3662
137,1,3780
138,1,3932
139,1,4233
140,1,4435
141,1,4696
142,1,4892
143,1,4979
144,1,5127
145,1,5194
146,1,5080
147,1,4660
148,1,4358
149,1,3799
150,1,3356
151,1,2838
152,1,2415
153,1,2019
154,1,1819
155,1,1645
156,1,1509
157,1,1459
158,1,1375
159,1,1374
160,1,1339
161,1,1319
162,1,1306
163,1,1267
164,1,1257
165,1,1268
166,1,1252
167,1,1195
168,1,1216
169,1,1182
170,1,1213
171,1,1184
172,1,1182
173,1,1184
174,1,1198
175,1,1160
176,1,1150
177,1,1156
178,1,1149
179,1,1162
180,1,1161
181,1,1157
182,1,1145
183,1,1130
184,1,1145
185,1,1135
186,1,1148
187,1,1147
188,1,1109
189,1,1129
190,1,1114
191,1,1143
192,1,1144
193,1,1124
194,1,1111
195,1,1102
196,1,1135
197,1,1100
198,1,1134
199,1,1141
200,1,1101
201,1,1119
202,1,1098
203,1,1129
204,1,1137
205,1,1126
206,1,1139
207,1,1119
208,1,1155
209,1,1135
210,1,1141
211,1,1115
212,1,1141
213,1,1120
214,1,1179
215,1,1153
216,1,1153
217,1,1119
218,1,1093
219,1,1116
220,1,1102
221,1,1131
222,1,1143
223,1,1120
224,1,1114
225,1,1072
226,1,1119
227,1,1063
228,1,1087
229,1,1072
230,1,1091
231,1,1092
232,1,1079
233,1,1067
234,1,1067
235,1,1065
236,1,1076
237,1,1079
238,1,1080
239,1,1086
240,1,1082
241,1,1091
242,1,1102
243,1,1072
244,1,1079
245,1,1071
246,1,1082
247,1,1076
248,1,1070
249,1,1072
250,1,1079
251,1,1104
252,1,1098
253,1,1094
254,1,1060
255,1,1098
256,1,1053
257,1,1112
258,1,1071
259,1,1105
260,1,1079
261,1,1109
262,1,1084
263,1,1076
264,1,1066
265,1,1125
266,1,1076
267,1,1116
268,1,1134
269,1,1124
270,1,1124
271,1,1115
272,1,1111
273,1,1161
274,1,1141
275,1,1139
276,1,1132
277,1,1139
278,1,1169
279,1,1160
280,1,1190
281,1,1182
282,1,1182
283,1,1173
284,1,1162
285,1,1234
286,1,1206
287,1,1244
288,1,1240
289,1,1261
290,1,1257
291,1,1249
292,1,1282
293,1,1279
294,1,1333
295,1,1284
296,1,1363
297,1,1404
298,1,1408
299,1,1421
300,1,1432
301,1,1549
302,1,1564
303,1,1619
304,1,1667
305,1,1751
306,1,1763
307,1,1802
308,1,1838
309,1,1971
310,1,1978
311,1,2034
312,1,2083
313,1,2195
314,1,2242
315,1,2255
316,1,2280
317,1,2366
318,1,2425
319,1,2449
320,1,2448
321,1,2441
322,1,2441
323,1,2468
324,1,2387
325,1,2300
326,1,2244
327,1,2247
328,1,2230
329,1,2149
330,1,2092
331,1,2072
332,1,1976
333,1,1948
334,1,1908
335,1,1891
336,1,1800
337,1,1791
338,1,1813
339,1,1780
340,1,1831
341,1,1899
342,1,1903
343,1,1922
344,1,1900
345,1,1953
346,1,1982
347,1,1989
348,1,2034
349,1,2035
350,1,2038
351,1,2108
352,1,2105
353,1,2074
354,1,2050
355,1,2085
356,1,2048
357,1,2038
358,1,1988
359,1,1934
360,1,1861
361,1,1858
362,1,1794
363,1,1779
364,1,1706
365,1,1679
366,1,1692
367,1,1644
368,1,1662
369,1,1666
370,1,1628
371,1,1662
372,1,1689
373,1,1751
374,1,1762
375,1,1833
376,1,1960
377,1,2027
378,1,2191
379,1,2259
380,1,2364
381,1,2600
382,1,2685
383,1,2907
384,1,3110
385,1,3327
386,1,3455
387,1,3659
388,1,3832
389,1,3885
390,1,4167
391,1,4298
392,1,4546
393,1,4704
394,1,4898
395,1,5173
396,1,5227
397,1,5318
398,1,5496
399,1,5404
400,1,5103
401,1,4818
402,1,4400
403,1,4002
404,1,3536
405,1,3186
406,1,2718
407,1,2385
408,1,2109
409,1,1854
410,1,1689
411,1,1613
412,1,1538
413,1,1399
414,1,1386
415,1,1359
416,1,1329
417,1,1286
418,1,1265
419,1,1246
420,1,1212
421,1,1266
422,1,1242
423,1,1188
424,1,1230
425,1,1185
426,1,1190
427,1,1223
428,1,1177
429,1,1169
430,1,1151
431,1,1160
432,1,1178
433,1,1186
434,1,1180
435,1,1153
436,1,1142
437,1,1163
438,1,1192
439,1,1172
440,1,1171
441,1,1155
442,1,1178
443,1,1208
444,1,1182
445,1,1167
446,1,1161
447,1,1199
448,1,1131
449,1,1220
450,1,1181
451,1,1149
452,1,1159
453,1,1190
454,1,1176
455,1,1154
456,1,1140
457,1,1167
458,1,1122
459,1,1144
460,1,1156
461,1,1140
462,1,1134
463,1,1130
464,1,1112
465,1,1092
466,1,1141
467,1,1146
468,1,1123
469,1,1122
470,1,1100
471,1,1118
472,1,1090
473,1,1107
474,1,1130
475,1,1131
476,1,1126
477,1,1141
478,1,1121
479,1,1139
480,1,1137
481,1,1129
482,1,1131
483,1,1148
484,1,1164
485,1,1135
486,1,1149
487,1,1138
488,1,1150
489,1,1124
490,1,1117
491,1,1122
492,1,1118
493,1,1117
494,1,1142
495,1,1146
496,1,1167
497,1,1181
498,1,1156
499,1,1179
500,1,1180
501,1,1182
502,1,1184
503,1,1193
504,1,1199
505,1,1215
506,1,1170
507,1,1194
508,1,1194
509,1,1215
510,1,1228
511,1,1190
512,1,1246
513,1,1224
514,1,1173
515,1,1239
516,1,1215
517,1,1228
518,1,1199
519,1,1247
520,1,1242
521,1,1245
522,1,1293
523,1,1278
524,1,1281
525,1,1286
526,1,1273
527,1,1275
528,1,1252
529,1,1260
530,1,1259
531,1,1260
532,1,1275
533,1,1277
534,1,1245
535,1,1269
536,1,1282
537,1,1317
538,1,1311
539,1,1291
540,1,1312
541,1,1319
542,1,1315
543,1,1279
544,1,1280
545,1,1323
546,1,1293
547,1,1287
548,1,1335
549,1,1303
550,1,1333
551,1,1292
552,1,1286
553,1,1307
554,1,1333
555,1,1287
556,1,1338
557,1,1332
558,1,1312
559,1,1297
560,1,1302
561,1,1312
562,1,1321
563,1,1328
564,1,1377
565,1,1339
566,1,1373
567,1,1350
568,1,1331
569,1,1382
570,1,1356
571,1,1369
572,1,1385
573,1,1366
574,1,1399
575,1,1360
576,1,1345
577,1,1333
578,1,1375
579,1,1345
580,1,1314
581,1,1290
582,1,1310
583,1,1294
584,1,1276
585,1,1280
586,1,1289
587,1,1241
588,1,1282
589,1,1283
590,1,1273
591,1,1257
592,1,1302
593,1,1294
594,1,1298
595,1,1328
596,1,1311
597,1,1309
598,1,1296
599,1,1292
600,1,1333
601,1,1318
602,1,1330
603,1,1382
604,1,1317
605,1,1387
606,1,1375
607,1,1364
608,1,1414
609,1,1426
610,1,1453
611,1,1440
612,1,1488
613,1,1504
614,1,1535
615,1,1529
616,1,1583
617,1,1663
618,1,1645
619,1,1676
620,1,1742
621,1,1813
622,1,1832
623,1,1936
624,1,1952
625,1,2056
626,1,2181
627,1,2198
628,1,2348
629,1,2375
630,1,2415
631,1,2554
632,1,2569
633,1,2658
634,1,2731
635,1,2779
636,1,2878
637,1,2926
638,1,3000
639,1,3049
640,1,3044
641,1,3097
642,1,3064
643,1,2945
644,1,2854
645,1,2756
646,1,2665
647,1,2543
648,1,2424
649,1,2216
650,1,2149
651,1,2030
652,1,1958
653,1,1854
654,1,1821
655,1,1760
656,1,1667
657,1,1715
658,1,1619
659,1,1612
660,1,1618
661,1,1565
662,1,1554
663,1,1533
664,1,1510
665,1,1519
666,1,1466
667,1,1484
668,1,1453
669,1,1474
670,1,1463
671,1,1421
672,1,1470
673,1,1449
674,1,1438
675,1,1468
676,1,1464
677,1,1473
678,1,1478
679,1,1488
680,1,1441
681,1,1479
682,1,1500
683,1,1473
684,1,1499
685,1,1488
686,1,1551
687,1,1522
688,1,1534
689,1,1540
690,1,1511
691,1,1560
692,1,1537
693,1,1580
694,1,1569
695,1,1595
696,1,1611
697,1,1585
698,1,1628
699,1,1646
700,1,1614
701,1,1675
702,1,1721
703,1,1700
704,1,1752
705,1,1767
706,1,1721
707,1,1730
708,1,1730
709,1,1807
710,1,1856
711,1,1831
712,1,1881
713,1,1935
714,1,1925
715,1,1943
716,1,1919
717,1,1923
718,1,1973
719,1,1903
720,1,1916
721,1,1959
722,1,1966
723,1,2001
724,1,2013
725,1,1951
726,1,1957
727,1,1975
728,1,1978
729,1,1983
730,1,1938
731,1,1975
732,1,1993
733,1,1969
734,1,2003
735,1,1940
736,1,1903
737,1,1906
738,1,1911
739,1,1865
740,1,1887
741,1,1858
742,1,1858
743,1,1857
744,1,1833
745,1,1866
746,1,1828
747,1,1857
748,1,1838
749,1,1797
750,1,1750
751,1,1825
752,1,1741
753,1,1757
754,1,1749
755,1,1780
756,1,1709
757,1,1766
758,1,1722
759,1,1711
760,1,1718
761,1,1697
762,1,1723
763,1,1676
764,1,1646
765,1,1657
766,1,1665
767,1,1631
768,1,1625
769,1,1636
770,1,1621
771,1,1608
772,1,1615
773,1,1621
774,1,1570
775,1,1608
776,1,1555
777,1,1535
778,1,1558
779,1,1500
780,1,1515
781,1,1526
782,1,1546
783,1,1536
784,1,1519
785,1,1525
786,1,1517
787,1,1481
788,1,1481
789,1,1473
790,1,1481
791,1,1542
792,1,1498
793,1,1531
794,1,1530
795,1,1480
796,1,1540
797,1,1480
798,1,1524
799,1,1548
800,1,1537
801,1,1534
802,1,1548
803,1,1501
804,1,1547
805,1,1581
806,1,1520
807,1,1598
808,1,1556
809,1,1564
810,1,1547
811,1,1565
812,1,1536
813,1,1496
814,1,1527
815,1,1541
816,1,1535
817,1,1535
818,1,1489
819,1,1474
820,1,1476
821,1,1454
822,1,1456
823,1,1443
824,1,1449
825,1,1430
826,1,1450
827,1,1422
828,1,1440
829,1,1422
830,1,1419
831,1,1404
832,1,1415
833,1,1363
834,1,1415
835,1,1431
836,1,1428
837,1,1424
838,1,1413
839,1,1423
840,1,1419
841,1,1423
842,1,1421
843,1,1425
844,1,1386
845,1,1389
846,1,1395
847,1,1412
848,1,1416
849,1,1397
850,1,1437
851,1,1431
852,1,1424
853,1,1406
854,1,1405
855,1,1417
856,1,1402
857,1,1425
858,1,1412
859,1,1418
860,1,1395
861,1,1406
862,1,1421
863,1,1369
864,1,1413
865,1,1433
866,1,1394
867,1,1403
868,1,1384
869,1,1386
870,1,1422
871,1,1402
872,1,1395
873,1,1408
874,1,1459
875,1,1420
876,1,1430
877,1,1440
878,1,1428
879,1,1419
880,1,1411
881,1,1428
882,1,1417
883,1,1424
884,1,1432
885,1,1435
886,1,1418
887,1,1414
888,1,1452
889,1,1445
890,1,1369
891,1,1379
892,1,1455
893,1,1491
894,1,1445
895,1,1480
896,1,1486
897,1,1501
898,1,1493
899,1,1517
900,1,1549
901,1,1561
902,1,1512
903,1,1544
904,1,1544
905,1,1567
906,1,1605
907,1,1562
908,1,1593
909,1,1631
910,1,1614
911,1,1660
912,1,1706
913,1,1687
914,1,1686
915,1,1766
916,1,1737
917,1,1790
918,1,1842
919,1,1930
920,1,1959
921,1,1997
922,1,2067
923,1,2110
924,1,2149
925,1,2203
926,1,2269
927,1,2321
928,1,2381
929,1,2523
930,1,2524
931,1,2649
932,1,2723
933,1,2743
934,1,2849
935,1,2953
936,1,2986
937,1,3051
938,1,3198
939,1,3216
940,1,3206
941,1,3315
942,1,3411
943,1,3380
944,1,3411
945,1,3412
946,1,3390
947,1,3446
948,1,3420
949,1,3406
950,1,3406
951,1,3398
952,1,3431
953,1,3482
954,1,3525
955,1,3550
956,1,3778
957,1,3779
958,1,3872
959,1,4024
960,1,4170
961,1,4321
962,1,4516
963,1,4542
964,1,4753
965,1,4814
966,1,4970
967,1,5078
968,1,5167
969,1,5171
970,1,5259
971,1,5235
972,1,5194
973,1,5145
974,1,4975
975,1,4936
976,1,4695
977,1,4575
978,1,4215
979,1,3990
980,1,3846
981,1,3503
982,1,3369
983,1,3226
984,1,3031
985,1,2881
986,1,2724
987,1,2615
988,1,2631
989,1,2472
990,1,2453
991,1,2408
992,1,2364
993,1,2292
994,1,2260
995,1,2220
996,1,2168
997,1,2105
998,1,2060
999,1,2064
1000,1,2058
1001,1,2001
1002,1,1975
1003,1,2008
1004,1,1863
1005,1,1889
1006,1,1897
1007,1,1882
1008,1,1841
1009,1,1795
1010,1,1884
1011,1,1714
1012,1,1663
1013,1,1634
1014,1,1701
1015,1,1625
1016,1,1624
1017,1,1609
1018,1,1549
1019,1,1578
1020,1,1576
1021,1,1512
1022,1,1502
1023,1,1529
1024,1,1467
1025,1,1524
1026,1,1524
1027,1,1500
1028,1,1489
1029,1,1449
1030,1,1438
1031,1,1441
1032,1,1464
1033,1,1439
1034,1,1451
1035,1,1422
1036,1,1414
1037,1,1375
1038,1,1429
1039,1,1428
1040,1,1406
1041,1,1410
1042,1,1401
1043,1,1423
1044,1,1402
1045,1,1396
1046,1,1404
1047,1,1403
1048,1,1387
1049,1,1390
1050,1,1355
1051,1,1365
1052,1,1367
1053,1,1359
1054,1,1378
1055,1,1366
1056,1,1382
1057,1,1346
1058,1,1345
1059,1,1357
1060,1,1382
1061,1,1367
1062,1,1355
1063,1,1395
1064,1,1372
1065,1,1375
1066,1,1339
1067,1,1362
1068,1,1329
1069,1,1351
1070,1,1364
1071,1,1385
1072,1,1385
1073,1,1383
1074,1,1379
1075,1,1371
1076,1,1324
1077,1,1392
1078,1,1399
1079,1,1393
1080,1,1399
1081,1,1367
1082,1,1379
1083,1,1411
1084,1,1423
1085,1,1389
1086,1,1364
1087,1,1372
1088,1,1384
1089,1,1362
1090,1,1398
1091,1,1382
1092,1,1350
1093,1,1333
1094,1,1369
1095,1,1394
1096,1,1367
1097,1,1362
1098,1,1349
1099,1,1402
1100,1,1347
1101,1,1368
1102,1,1332
1103,1,1272
1104,1,1325
1105,1,1381
1106,1,1349
1107,1,1334
1108,1,1336
1109,1,1304
1110,1,1344
1111,1,1320
1112,1,1307
1113,1,1330
1114,1,1335
1115,1,1312
1116,1,1309
1117,1,1282
1118,1,1326
1119,1,1307
1120,1,1341
1121,1,1306
1122,1,1343
1123,1,1350
1124,1,1332
1125,1,1283
1126,1,1347
1127,1,1319
1128,1,1331
1129,1,1323
1130,1,1303
1131,1,1332
1132,1,1314
1133,1,1328
1134,1,1360
1135,1,1316
1136,1,1300
1137,1,1317
1138,1,1298
1139,1,1319
1140,1,1314
1141,1,1320
1142,1,1267
1143,1,1304
1144,1,1323
1145,1,1300
1146,1,1285
1147,1,1315
1148,1,1297
1149,1,1337
1150,1,1296
1151,1,1319
1152,1,1336
1153,1,1326
1154,1,1335
1155,1,1328
1156,1,1319
1157,1,1359
1158,1,1365
1159,1,1328
1160,1,1320
1161,1,1342
1162,1,1321
1163,1,1357
1164,1,1329
1165,1,1361
1166,1,1353
1167,1,1322
1168,1,1310
1169,1,1322
1170,1,1341
1171,1,1311
1172,1,1337
1173,1,1319
1174,1,1333
1175,1,1301
1176,1,1308
1177,1,1318
1178,1,1303
1179,1,1320
1180,1,1326
1181,1,1323
1182,1,1352
1183,1,1286
1184,1,1291
1185,1,1312
1186,1,1315
1187,1,1309
1188,1,1329
1189,1,1254
1190,1,1289
1191,1,1319
1192,1,1298
1193,1,1310
1194,1,1305
1195,1,1285
1196,1,1315
1197,1,1346
1198,1,1324
1199,1,1306
1200,1,1333
1201,1,1288
1202,1,1331
1203,1,1311
1204,1,1306
1205,1,1301
1206,1,1302
1207,1,1310
1208,1,1317
1209,1,1358
1210,1,1330
1211,1,1302
1212,1,1312
1213,1,1330
1214,1,1357
1215,1,1309
1216,1,1330
1217,1,1328
1218,1,1326
1219,1,1320
1220,1,1325
1221,1,1333
1222,1,1338
1223,1,1358
1224,1,1318
1225,1,1349
1226,1,1307
1227,1,1330
1228,1,1321
1229,1,1346
1230,1,1334
1231,1,1324
1232,1,1356
1233,1,1358
1234,1,1361
1235,1,1338
1236,1,1359
1237,1,1369
1238,1,1339
1239,1,1393
1240,1,1384
1241,1,1404
1242,1,1372
1243,1,1363
1244,1,1360
1245,1,1321
1246,1,1374
1247,1,1373
1248,1,1385
1249,1,1377
1250,1,1360
1251,1,1381
1252,1,1345
1253,1,1358
1254,1,1378
1255,1,1383
1256,1,1363
1257,1,1364
1258,1,1368
1259,1,1399
1260,1,1339
1261,1,1319
1262,1,1393
1263,1,1374
1264,1,1363
1265,1,1347
1266,1,1341
1267,1,1329
1268,1,1348
1269,1,1303
1270,1,1341
1271,1,1328
1272,1,1333
1273,1,1354
1274,1,1371
1275,1,1307
1276,1,1354
1277,1,1380
1278,1,1324
1279,1,1330
1280,1,1368
1281,1,1363
1282,1,1341
1283,1,1342
1284,1,1335
1285,1,1338
1286,1,1327
1287,1,1359
1288,1,1355
1289,1,1325
1290,1,1369
1291,1,1318
1292,1,1355
1293,1,1343
1294,1,1325
1295,1,1340
1296,1,1341
1297,1,1351
1298,1,1331
1299,1,1336
1300,1,1382
1301,1,1364
1302,1,1350
1303,1,1329
1304,1,1308
1305,1,1344
1306,1,1367
1307,1,1360
1308,1,1332
1309,1,1331
1310,1,1347
1311,1,1345
1312,1,1339
1313,1,1358
1314,1,1358
1315,1,1371
1316,1,1347
1317,1,1357
1318,1,1370
1319,1,1345
1320,1,1363
1321,1,1338
1322,1,1336
1323,1,1345
1324,1,1359
1325,1,1362
1326,1,1346
1327,1,1347
1328,1,1357
1329,1,1387
1330,1,1338
1331,1,1342
1332,1,1402
1333,1,1373
1334,1,1392
1335,1,1358
1336,1,1373
1337,1,1332
1338,1,1365
1339,1,1379
1340,1,1331
