1,1,973
2,1,982
3,1,990
4,1,983
5,1,968
6,1,988
7,1,1008
8,1,998
9,1,992
10,1,998
11,1,996
12,1,984
13,1,1017
14,1,1010
15,1,973
16,1,1013
17,1,997
18,1,1026
19,1,995
20,1,1004
21,1,986
22,1,999
23,1,1016
24,1,1001
25,1,1006
26,1,1003
27,1,995
28,1,1025
29,1,1032
30,1,1045
31,1,1025
32,1,1042
33,1,1044
34,1,1027
35,1,1046
36,1,1051
37,1,1087
38,1,1066
39,1,1028
40,1,1070
41,1,1092
42,1,1081
43,1,1108
44,1,1093
45,1,1117
46,1,1134
47,1,1141
48,1,1111
49,1,1127
50,1,1158
51,1,1150
52,1,1172
53,1,1192
54,1,1209
55,1,1252
56,1,1187
57,1,1215
58,1,1262
59,1,1248
60,1,1236
61,1,1257
62,1,1273
63,1,1252
64,1,1274
65,1,1326
66,1,1300
67,1,1294
68,1,1307
69,1,1354
70,1,1369
71,1,1382
72,1,1443
73,1,1441
74,1,1488
75,1,1469
76,1,1542
77,1,1612
78,1,1660
79,1,1720
80,1,1790
81,1,1906
82,1,2045
83,1,2154
84,1,2378
85,1,2730
86,1,3056
87,1,3442
88,1,4019
89,1,4485
90,1,5227
91,1,5724
92,1,6399
93,1,6924
94,1,7296
95,1,7910
96,1,8383
97,1,8893
98,1,9486
99,1,10007
100,1,10753
101,1,11572
102,1,12091
103,1,12871
104,1,13944
105,1,14571
106,1,15207
107,1,15315
108,1,15067
109,1,14138
110,1,12894
111,1,11253
112,1,9264
113,1,7511
114,1,5958
115,1,4699
116,1,3670
117,1,2960
118,1,2490
119,1,2258
120,1,2095
121,1,1944
122,1,1941
123,1,1975
124,1,1990
125,1,2117
126,1,2228
127,1,2329
128,1,2562
129,1,2642
130,1,2777
131,1,2951
132,1,3155
133,1,3213
134,1,3416
135,1,3586
136,1,3761
137,1,3913
138,1,4084
139,1,4283
140,1,4445
141,1,4735
142,1,4884
143,1,5097
144,1,5136
145,1,5213
146,1,5054
147,1,4678
148,1,4382
149,1,3959
150,1,3341
151,1,2879
152,1,2441
153,1,2085
154,1,1820
155,1,1637
156,1,1558
157,1,1478
158,1,1447
159,1,1351
160,1,1376
161,1,1361
162,1,1315
163,1,1323
164,1,1279
165,1,1255
166,1,1301
167,1,1278
168,1,1229
169,1,1245
170,1,1221
171,1,1208
172,1,1209
173,1,1174
174,1,1223
175,1,1213
176,1,1209
177,1,1196
178,1,1179
179,1,1131
180,1,1206
181,1,1187
182,1,1156
183,1,1140
184,1,1143
185,1,1148
186,1,1183
187,1,1134
188,1,1122
189,1,1141
190,1,1157
191,1,1134
192,1,1132
193,1,1178
194,1,1177
195,1,1146
196,1,1154
197,1,1140
198,1,1142
199,1,1156
200,1,1162
201,1,1159
202,1,1147
203,1,1169
204,1,1091
205,1,1168
206,1,1152
207,1,1144
208,1,1131
209,1,1143
210,1,1145
211,1,1166
212,1,1140
213,1,1176
214,1,1168
215,1,1117
216,1,1162
217,1,1157
218,1,1156
219,1,1153
220,1,1167
221,1,1118
222,1,1141
223,1,1129
224,1,1129
225,1,1129
226,1,1100
227,1,1116
228,1,1107
229,1,1102
230,1,1106
231,1,1100
232,1,1114
233,1,1077
234,1,1082
235,1,1104
236,1,1131
237,1,1065
238,1,1093
239,1,1088
240,1,1084
241,1,1128
242,1,1103
243,1,1067
244,1,1096
245,1,1112
246,1,1052
247,1,1117
248,1,1113
249,1,1099
250,1,1102
251,1,1103
252,1,1150
253,1,1098
254,1,1090
255,1,1110
256,1,1072
257,1,1110
258,1,1112
259,1,1126
260,1,1106
261,1,1118
262,1,1088
263,1,1133
264,1,1098
265,1,1133
266,1,1134
267,1,1127
268,1,1168
269,1,1131
270,1,1151
271,1,1149
272,1,1165
273,1,1150
274,1,1159
275,1,1152
276,1,1143
277,1,1204
278,1,1197
279,1,1187
280,1,1218
281,1,1189
282,1,1240
283,1,1241
284,1,1208
285,1,1230
286,1,1253
287,1,1260
288,1,1265
289,1,1264
290,1,1322
291,1,1282
292,1,1316
293,1,1316
294,1,1373
295,1,1308
296,1,1365
297,1,1385
298,1,1396
299,1,1489
300,1,1480
301,1,1547
302,1,1533
303,1,1631
304,1,1676
305,1,1763
306,1,1789
307,1,1851
308,1,1876
309,1,1914
310,1,2002
311,1,2080
312,1,2138
313,1,2197
314,1,2276
315,1,2310
316,1,2388
317,1,2389
318,1,2409
319,1,2458
320,1,2489
321,1,2455
322,1,2437
323,1,2481
324,1,2431
325,1,2292
326,1,2312
327,1,2262
328,1,2258
329,1,2231
330,1,2174
331,1,2112
332,1,2048
333,1,2012
334,1,1898
335,1,1930
336,1,1875
337,1,1812
338,1,1832
339,1,1904
340,1,1846
341,1,1898
342,1,1954
343,1,1933
344,1,1939
345,1,2007
346,1,2034
347,1,2063
348,1,2047
349,1,2099
350,1,2119
351,1,2103
352,1,2074
353,1,2147
354,1,2116
355,1,2129
356,1,2138
357,1,2076
358,1,2034
359,1,1969
360,1,1902
361,1,1831
362,1,1816
363,1,1769
364,1,1724
365,1,1763
366,1,1702
367,1,1701
368,1,1668
369,1,1688
370,1,1709
371,1,1713
372,1,1726
373,1,1821
374,1,1840
375,1,1842
376,1,1947
377,1,2120
378,1,2262
379,1,2365
380,1,2508
381,1,2677
382,1,2780
383,1,2956
384,1,3157
385,1,3406
386,1,3527
387,1,3710
388,1,3889
389,1,4204
390,1,4252
391,1,4387
392,1,4675
393,1,4817
394,1,5146
395,1,5237
396,1,5323
397,1,5391
398,1,5392
399,1,5343
400,1,5140
401,1,4908
402,1,4468
403,1,4086
404,1,3630
405,1,3132
406,1,2653
407,1,2376
408,1,2132
409,1,1953
410,1,1731
411,1,1612
412,1,1532
413,1,1469
414,1,1433
415,1,1408
416,1,1349
417,1,1288
418,1,1291
419,1,1257
420,1,1246
421,1,1266
422,1,1223
423,1,1261
424,1,1239
425,1,1233
426,1,1212
427,1,1202
428,1,1227
429,1,1166
430,1,1204
431,1,1206
432,1,1186
433,1,1210
434,1,1198
435,1,1218
436,1,1178
437,1,1221
438,1,1146
439,1,1210
440,1,1204
441,1,1193
442,1,1190
443,1,1245
444,1,1213
445,1,1220
446,1,1170
447,1,1172
448,1,1194
449,1,1191
450,1,1205
451,1,1198
452,1,1192
453,1,1177
454,1,1179
455,1,1168
456,1,1194
457,1,1142
458,1,1176
459,1,1163
460,1,1159
461,1,1179
462,1,1168
463,1,1155
464,1,1168
465,1,1132
466,1,1140
467,1,1140
468,1,1149
469,1,1165
470,1,1125
471,1,1137
472,1,1121
473,1,1129
474,1,1151
475,1,1131
476,1,1134
477,1,1110
478,1,1167
479,1,1119
480,1,1135
481,1,1148
482,1,1147
483,1,1164
484,1,1163
485,1,1144
486,1,1147
487,1,1187
488,1,1151
489,1,1150
490,1,1125
491,1,1137
492,1,1153
493,1,1153
494,1,1180
495,1,1184
496,1,1211
497,1,1163
498,1,1214
499,1,1194
500,1,1204
501,1,1204
502,1,1176
503,1,1218
504,1,1211
505,1,1210
506,1,1216
507,1,1236
508,1,1261
509,1,1252
510,1,1211
511,1,1214
512,1,1228
513,1,1250
514,1,1247
515,1,1302
516,1,1241
517,1,1232
518,1,1280
519,1,1255
520,1,1266
521,1,1254
522,1,1244
523,1,1283
524,1,1272
525,1,1283
526,1,1283
527,1,1286
528,1,1285
529,1,1280
530,1,1289
531,1,1296
532,1,1294
533,1,1281
534,1,1278
535,1,1302
536,1,1296
537,1,1320
538,1,1337
539,1,1339
540,1,1315
541,1,1337
542,1,1338
543,1,1310
544,1,1358
545,1,1334
546,1,1328
547,1,1318
548,1,1378
549,1,1364
550,1,1314
551,1,1330
552,1,1273
553,1,1294
554,1,1307
555,1,1295
556,1,1327
557,1,1335
558,1,1325
559,1,1309
560,1,1335
561,1,1356
562,1,1358
563,1,1352
564,1,1366
565,1,1394
566,1,1384
567,1,1408
568,1,1402
569,1,1413
570,1,1371
571,1,1382
572,1,1411
573,1,1364
574,1,1413
575,1,1424
576,1,1398
577,1,1358
578,1,1371
579,1,1362
580,1,1306
581,1,1322
582,1,1297
583,1,1334
584,1,1287
585,1,1300
586,1,1303
587,1,1277
588,1,1276
589,1,1310
590,1,1298
591,1,1312
592,1,1323
593,1,1309
594,1,1331
595,1,1305
596,1,1283
597,1,1320
598,1,1358
599,1,1329
600,1,1367
601,1,1369
602,1,1379
603,1,1386
604,1,1402
605,1,1431
606,1,1384
607,1,1418
608,1,1431
609,1,1452
610,1,1412
611,1,1486
612,1,1531
613,1,1475
614,1,1578
615,1,1576
616,1,1590
617,1,1676
618,1,1680
619,1,1745
620,1,1771
621,1,1835
622,1,1914
623,1,1996
624,1,2085
625,1,2125
626,1,2257
627,1,2273
628,1,2366
629,1,2434
630,1,2506
631,1,2574
632,1,2611
633,1,2676
634,1,2774
635,1,2820
636,1,2860
637,1,3015
638,1,2985
639,1,3078
640,1,3068
641,1,3097
642,1,3052
643,1,2933
644,1,2945
645,1,2744
646,1,2706
647,1,2536
648,1,2419
649,1,2313
650,1,2209
651,1,2052
652,1,1975
653,1,1882
654,1,1852
655,1,1795
656,1,1716
657,1,1708
658,1,1729
659,1,1677
660,1,1608
661,1,1581
662,1,1530
663,1,1538
664,1,1495
665,1,1526
666,1,1569
667,1,1539
668,1,1488
669,1,1524
670,1,1476
671,1,1469
672,1,1480
673,1,1457
674,1,1520
675,1,1539
676,1,1484
677,1,1540
678,1,1482
679,1,1491
680,1,1545
681,1,1511
682,1,1492
683,1,1537
684,1,1549
685,1,1532
686,1,1490
687,1,1560
688,1,1527
689,1,1573
690,1,1560
691,1,1594
692,1,1588
693,1,1584
694,1,1626
695,1,1581
696,1,1670
697,1,1651
698,1,1668
699,1,1662
700,1,1657
701,1,1679
702,1,1706
703,1,1712
704,1,1726
705,1,1748
706,1,1780
707,1,1752
708,1,1825
709,1,1866
710,1,1853
711,1,1879
712,1,1902
713,1,1884
714,1,1906
715,1,1906
716,1,1905
717,1,1980
718,1,1966
719,1,1980
720,1,1985
721,1,1952
722,1,2022
723,1,2002
724,1,2022
725,1,2011
726,1,1992
727,1,1969
728,1,1986
729,1,2024
730,1,1999
731,1,2025
732,1,1978
733,1,1992
734,1,1981
735,1,1957
736,1,1955
737,1,1985
738,1,2001
739,1,1940
740,1,1908
741,1,1888
742,1,1880
743,1,1915
744,1,1889
745,1,1913
746,1,1910
747,1,1860
748,1,1859
749,1,1850
750,1,1830
751,1,1844
752,1,1805
753,1,1742
754,1,1739
755,1,1739
756,1,1746
757,1,1736
758,1,1771
759,1,1738
760,1,1772
761,1,1729
762,1,1700
763,1,1686
764,1,1714
765,1,1657
766,1,1710
767,1,1671
768,1,1661
769,1,1617
770,1,1608
771,1,1587
772,1,1597
773,1,1625
774,1,1582
775,1,1605
776,1,1558
777,1,1560
778,1,1540
779,1,1556
780,1,1535
781,1,1583
782,1,1552
783,1,1524
784,1,1531
785,1,1598
786,1,1543
787,1,1531
788,1,1542
789,1,1558
790,1,1546
791,1,1514
792,1,1538
793,1,1521
794,1,1491
795,1,1555
796,1,1563
797,1,1561
798,1,1570
799,1,1586
800,1,1564
801,1,1577
802,1,1541
803,1,1518
804,1,1548
805,1,1625
806,1,1569
807,1,1606
808,1,1579
809,1,1585
810,1,1601
811,1,1593
812,1,1595
813,1,1572
814,1,1557
815,1,1591
816,1,1580
817,1,1550
818,1,1536
819,1,1470
820,1,1521
821,1,1522
822,1,1491
823,1,1475
824,1,1462
825,1,1482
826,1,1409
827,1,1414
828,1,1455
829,1,1426
830,1,1439
831,1,1479
832,1,1426
833,1,1437
834,1,1452
835,1,1434
836,1,1430
837,1,1465
838,1,1425
839,1,1459
840,1,1460
841,1,1443
842,1,1459
843,1,1437
844,1,1401
845,1,1477
846,1,1434
847,1,1439
848,1,1457
849,1,1397
850,1,1459
851,1,1472
852,1,1445
853,1,1436
854,1,1451
855,1,1412
856,1,1436
857,1,1454
858,1,1452
859,1,1463
860,1,1463
861,1,1430
862,1,1414
863,1,1429
864,1,1443
865,1,1445
866,1,1404
867,1,1460
868,1,1442
869,1,1434
870,1,1420
871,1,1425
872,1,1443
873,1,1419
874,1,1430
875,1,1436
876,1,1422
877,1,1450
878,1,1452
879,1,1404
880,1,1470
881,1,1457
882,1,1406
883,1,1459
884,1,1470
885,1,1489
886,1,1446
887,1,1474
888,1,1477
889,1,1521
890,1,1490
891,1,1407
892,1,1520
893,1,1496
894,1,1482
895,1,1523
896,1,1526
897,1,1517
898,1,1513
899,1,1552
900,1,1535
901,1,1534
902,1,1589
903,1,1576
904,1,1548
905,1,1581
906,1,1606
907,1,1604
908,1,1622
909,1,1605
910,1,1658
911,1,1660
912,1,1694
913,1,1722
914,1,1721
915,1,1775
916,1,1848
917,1,1823
918,1,1920
919,1,1963
920,1,1976
921,1,2049
922,1,2105
923,1,2107
924,1,2115
925,1,2260
926,1,2260
927,1,2369
928,1,2556
929,1,2595
930,1,2581
931,1,2699
932,1,2745
933,1,2810
934,1,2903
935,1,3024
936,1,3117
937,1,3086
938,1,3239
939,1,3272
940,1,3353
941,1,3374
942,1,3394
943,1,3372
944,1,3449
945,1,3481
946,1,3422
947,1,3454
948,1,3359
949,1,3382
950,1,3432
951,1,3465
952,1,3434
953,1,3520
954,1,3631
955,1,3698
956,1,3800
957,1,3887
958,1,3995
959,1,4072
960,1,4282
961,1,4429
962,1,4488
963,1,4658
964,1,4743
965,1,4942
966,1,5007
967,1,5016
968,1,5175
969,1,5257
970,1,5344
971,1,5258
972,1,5265
973,1,5275
974,1,5064
975,1,4928
976,1,4721
977,1,4518
978,1,4210
979,1,4057
980,1,3777
981,1,3603
982,1,3420
983,1,3192
984,1,3019
985,1,2889
986,1,2856
987,1,2641
988,1,2534
989,1,2542
990,1,2511
991,1,2330
992,1,2346
993,1,2342
994,1,2305
995,1,2219
996,1,2240
997,1,2158
998,1,2150
999,1,2074
1000,1,2072
1001,1,2083
1002,1,2044
1003,1,1982
1004,1,1894
1005,1,1897
1006,1,1900
1007,1,1878
1008,1,1846
1009,1,1807
1010,1,1893
1011,1,1721
1012,1,1763
1013,1,1670
1014,1,1687
1015,1,1663
1016,1,1651
1017,1,1636
1018,1,1587
1019,1,1582
1020,1,1568
1021,1,1561
1022,1,1523
1023,1,1543
1024,1,1528
1025,1,1497
1026,1,1528
1027,1,1505
1028,1,1488
1029,1,1533
1030,1,1506
1031,1,1464
1032,1,1481
1033,1,1499
1034,1,1450
1035,1,1454
1036,1,1453
1037,1,1379
1038,1,1416
1039,1,1433
1040,1,1423
1041,1,1444
1042,1,1448
1043,1,1395
1044,1,1414
1045,1,1383
1046,1,1386
1047,1,1445
1048,1,1382
1049,1,1410
1050,1,1386
1051,1,1410
1052,1,1384
1053,1,1434
1054,1,1355
1055,1,1357
1056,1,1388
1057,1,1392
1058,1,1397
1059,1,1393
1060,1,1412
1061,1,1399
1062,1,1387
1063,1,1407
1064,1,1363
1065,1,1393
1066,1,1409
1067,1,1415
1068,1,1383
1069,1,1380
1070,1,1399
1071,1,1406
1072,1,1387
1073,1,1385
1074,1,1407
1075,1,1425
1076,1,1378
1077,1,1408
1078,1,1371
1079,1,1353
1080,1,1432
1081,1,1405
1082,1,1414
1083,1,1386
1084,1,1412
1085,1,1397
1086,1,1435
1087,1,1390
1088,1,1355
1089,1,1360
1090,1,1408
1091,1,1411
1092,1,1348
1093,1,1358
1094,1,1375
1095,1,1408
1096,1,1396
1097,1,1361
1098,1,1409
1099,1,1328
1100,1,1388
1101,1,1385
1102,1,1344
1103,1,1351
1104,1,1362
1105,1,1357
1106,1,1383
1107,1,1346
1108,1,1324
1109,1,1364
1110,1,1349
1111,1,1364
1112,1,1352
1113,1,1367
1114,1,1380
1115,1,1365
1116,1,1318
1117,1,1343
1118,1,1349
1119,1,1355
1120,1,1349
1121,1,1348
1122,1,1327
1123,1,1326
1124,1,1340
1125,1,1348
1126,1,1369
1127,1,1365
1128,1,1374
1129,1,1328
1130,1,1309
1131,1,1333
1132,1,1350
1133,1,1353
1134,1,1317
1135,1,1349
1136,1,1355
1137,1,1297
1138,1,1334
1139,1,1332
1140,1,1349
1141,1,1380
1142,1,1354
1143,1,1326
1144,1,1317
1145,1,1331
1146,1,1336
1147,1,1354
1148,1,1348
1149,1,1331
1150,1,1374
1151,1,1346
1152,1,1346
1153,1,1341
1154,1,1332
1155,1,1343
1156,1,1354
1157,1,1354
1158,1,1358
1159,1,1349
1160,1,1296
1161,1,1356
1162,1,1315
1163,1,1372
1164,1,1346
1165,1,1343
1166,1,1341
1167,1,1334
1168,1,1332
1169,1,1355
1170,1,1385
1171,1,1354
1172,1,1359
1173,1,1323
1174,1,1355
1175,1,1304
1176,1,1334
1177,1,1349
1178,1,1350
1179,1,1339
1180,1,1375
1181,1,1346
1182,1,1323
1183,1,1324
1184,1,1349
1185,1,1343
1186,1,1347
1187,1,1301
1188,1,1332
1189,1,1349
1190,1,1374
1191,1,1352
1192,1,1338
1193,1,1342
1194,1,1327
1195,1,1350
1196,1,1350
1197,1,1345
1198,1,1326
1199,1,1340
1200,1,1347
1201,1,1339
1202,1,1347
1203,1,1296
1204,1,1357
1205,1,1396
1206,1,1340
1207,1,1333
1208,1,1363
1209,1,1350
1210,1,1335
1211,1,1361
1212,1,1358
1213,1,1366
1214,1,1385
1215,1,1356
1216,1,1356
1217,1,1374
1218,1,1366
1219,1,1324
1220,1,1342
1221,1,1355
1222,1,1365
1223,1,1340
1224,1,1384
1225,1,1389
1226,1,1369
1227,1,1361
1228,1,1365
1229,1,1355
1230,1,1365
1231,1,1349
1232,1,1358
1233,1,1365
1234,1,1398
1235,1,1328
1236,1,1387
1237,1,1396
1238,1,1357
1239,1,1393
1240,1,1386
1241,1,1405
1242,1,1422
1243,1,1402
1244,1,1402
1245,1,1389
1246,1,1414
1247,1,1383
1248,1,1365
1249,1,1360
1250,1,1410
1251,1,1370
1252,1,1425
1253,1,1367
1254,1,1376
1255,1,1356
1256,1,1356
1257,1,1362
1258,1,1372
1259,1,1390
1260,1,1388
1261,1,1395
1262,1,1392
1263,1,1349
1264,1,1366
1265,1,1359
1266,1,1383
1267,1,1357
1268,1,1376
1269,1,1336
1270,1,1361
1271,1,1375
1272,1,1376
1273,1,1421
1274,1,1344
1275,1,1354
1276,1,1340
1277,1,1377
1278,1,1328
1279,1,1398
1280,1,1372
1281,1,1370
1282,1,1368
1283,1,1368
1284,1,1370
1285,1,1352
1286,1,1327
1287,1,1348
1288,1,1347
1289,1,1341
1290,1,1368
1291,1,1388
1292,1,1387
1293,1,1324
1294,1,1401
1295,1,1356
1296,1,1388
1297,1,1397
1298,1,1362
1299,1,1374
1300,1,1350
1301,1,1361
1302,1,1325
1303,1,1353
1304,1,1378
1305,1,1384
1306,1,1377
1307,1,1411
1308,1,1402
1309,1,1338
1310,1,1407
1311,1,1341
1312,1,1391
1313,1,1383
1314,1,1391
1315,1,1382
1316,1,1354
1317,1,1399
1318,1,1394
1319,1,1334
1320,1,1349
1321,1,1368
1322,1,1376
1323,1,1349
1324,1,1360
1325,1,1386
1326,1,1382
1327,1,1369
1328,1,1409
1329,1,1378
1330,1,1375
1331,1,1350
1332,1,1373
1333,1,1378
1334,1,1362
1335,1,1390
1336,1,1386
1337,1,1395
1338,1,1383
1339,1,1368
1340,1,1341
