1,1,995
2,1,1011
3,1,1031
4,1,1019
5,1,1042
6,1,1013
7,1,1031
8,1,1021
9,1,1047
10,1,1039
11,1,1031
12,1,1044
13,1,1054
14,1,1075
15,1,1053
16,1,1103
17,1,1096
18,1,1086
19,1,1099
20,1,1128
21,1,1116
22,1,1114
23,1,1161
24,1,1165
25,1,1165
26,1,1168
27,1,1213
28,1,1194
29,1,1226
30,1,1207
31,1,1238
32,1,1252
33,1,1248
34,1,1259
35,1,1299
36,1,1283
37,1,1306
38,1,1326
39,1,1359
40,1,1390
41,1,1367
42,1,1414
43,1,1411
44,1,1411
45,1,1418
46,1,1424
47,1,1465
48,1,1472
49,1,1543
50,1,1569
51,1,1552
52,1,1613
53,1,1651
54,1,1708
55,1,1790
56,1,1790
57,1,1880
58,1,1983
59,1,2021
60,1,2200
61,1,2322
62,1,2548
63,1,2876
64,1,3292
65,1,3712
66,1,4215
67,1,4841
68,1,5649
69,1,6314
70,1,7041
71,1,7909
72,1,8539
73,1,9159
74,1,9926
75,1,10511
76,1,11278
77,1,11881
78,1,12699
79,1,13483
80,1,14400
81,1,15101
82,1,16374
83,1,17519
84,1,18689
85,1,19336
86,1,19726
87,1,19905
88,1,19038
89,1,17828
90,1,16302
91,1,14018
92,1,11963
93,1,9564
94,1,7558
95,1,5944
96,1,4769
97,1,3836
98,1,3175
99,1,2754
100,1,2527
101,1,2412
102,1,2436
103,1,2462
104,1,2531
105,1,2652
106,1,2784
107,1,2968
108,1,3163
109,1,3384
110,1,3521
111,1,3716
112,1,3882
113,1,4071
114,1,4252
115,1,4560
116,1,4696
117,1,4967
118,1,5265
119,1,5491
120,1,5857
121,1,6055
122,1,6207
123,1,6405
124,1,6478
125,1,6359
126,1,6174
127,1,5821
128,1,5217
129,1,4700
130,1,4003
131,1,3415
132,1,2898
133,1,2401
134,1,2108
135,1,1932
136,1,1711
137,1,1637
138,1,1541
139,1,1510
140,1,1415
141,1,1410
142,1,1361
143,1,1368
144,1,1327
145,1,1306
146,1,1320
147,1,1296
148,1,1252
149,1,1271
150,1,1230
151,1,1249
152,1,1230
153,1,1246
154,1,1235
155,1,1207
156,1,1194
157,1,1205
158,1,1207
159,1,1212
160,1,1177
161,1,1171
162,1,1168
163,1,1184
164,1,1143
165,1,1158
166,1,1162
167,1,1163
168,1,1172
169,1,1177
170,1,1184
171,1,1142
172,1,1145
173,1,1168
174,1,1171
175,1,1148
176,1,1166
177,1,1186
178,1,1175
179,1,1161
180,1,1133
181,1,1157
182,1,1124
183,1,1160
184,1,1107
185,1,1179
186,1,1176
187,1,1125
188,1,1189
189,1,1183
190,1,1171
191,1,1162
192,1,1195
193,1,1148
194,1,1173
195,1,1174
196,1,1162
197,1,1176
198,1,1160
199,1,1196
200,1,1166
201,1,1137
202,1,1127
203,1,1128
204,1,1154
205,1,1134
206,1,1103
207,1,1103
208,1,1088
209,1,1076
210,1,1110
211,1,1081
212,1,1088
213,1,1084
214,1,1068
215,1,1107
216,1,1084
217,1,1085
218,1,1063
219,1,1088
220,1,1086
221,1,1044
222,1,1064
223,1,1070
224,1,1075
225,1,1090
226,1,1083
227,1,1102
228,1,1094
229,1,1105
230,1,1065
231,1,1073
232,1,1082
233,1,1063
234,1,1086
235,1,1060
236,1,1083
237,1,1076
238,1,1097
239,1,1082
240,1,1065
241,1,1087
242,1,1114
243,1,1092
244,1,1092
245,1,1139
246,1,1115
247,1,1152
248,1,1109
249,1,1123
250,1,1155
251,1,1115
252,1,1132
253,1,1171
254,1,1170
255,1,1145
256,1,1148
257,1,1182
258,1,1186
259,1,1196
260,1,1192
261,1,1224
262,1,1220
263,1,1289
264,1,1263
265,1,1232
266,1,1253
267,1,1281
268,1,1314
269,1,1284
270,1,1323
271,1,1282
272,1,1388
273,1,1397
274,1,1416
275,1,1453
276,1,1473
277,1,1536
278,1,1580
279,1,1647
280,1,1709
281,1,1748
282,1,1798
283,1,1891
284,1,1982
285,1,2033
286,1,2110
287,1,2144
288,1,2255
289,1,2356
290,1,2424
291,1,2498
292,1,2516
293,1,2599
294,1,2702
295,1,2772
296,1,2723
297,1,2846
298,1,2908
299,1,2821
300,1,2938
301,1,2906
302,1,2797
303,1,2739
304,1,2752
305,1,2628
306,1,2563
307,1,2527
308,1,2460
309,1,2356
310,1,2290
311,1,2222
312,1,2204
313,1,2137
314,1,2146
315,1,2128
316,1,2169
317,1,2160
318,1,2131
319,1,2134
320,1,2203
321,1,2286
322,1,2276
323,1,2379
324,1,2338
325,1,2445
326,1,2516
327,1,2521
328,1,2630
329,1,2540
330,1,2504
331,1,2522
332,1,2520
333,1,2492
334,1,2467
335,1,2417
336,1,2399
337,1,2378
338,1,2304
339,1,2251
340,1,2173
341,1,2079
342,1,2066
343,1,1994
344,1,1919
345,1,1939
346,1,1899
347,1,1884
348,1,1877
349,1,1894
350,1,1938
351,1,1902
352,1,2000
353,1,2080
354,1,2112
355,1,2272
356,1,2415
357,1,2564
358,1,2752
359,1,2932
360,1,3186
361,1,3428
362,1,3560
363,1,3787
364,1,4061
365,1,4293
366,1,4493
367,1,4664
368,1,5002
369,1,5092
370,1,5442
371,1,5679
372,1,5854
373,1,6159
374,1,6458
375,1,6546
376,1,6693
377,1,6680
378,1,6615
379,1,6429
380,1,6121
381,1,5617
382,1,5078
383,1,4629
384,1,4055
385,1,3466
386,1,2995
387,1,2621
388,1,2267
389,1,2002
390,1,1868
391,1,1667
392,1,1624
393,1,1541
394,1,1456
395,1,1430
396,1,1455
397,1,1361
398,1,1346
399,1,1355
400,1,1297
401,1,1261
402,1,1294
403,1,1254
404,1,1242
405,1,1246
406,1,1217
407,1,1242
408,1,1201
409,1,1231
410,1,1204
411,1,1224
412,1,1220
413,1,1161
414,1,1223
415,1,1214
416,1,1202
417,1,1239
418,1,1201
419,1,1171
420,1,1174
421,1,1227
422,1,1216
423,1,1249
424,1,1220
425,1,1211
426,1,1220
427,1,1191
428,1,1184
429,1,1217
430,1,1209
431,1,1184
432,1,1173
433,1,1207
434,1,1197
435,1,1169
436,1,1179
437,1,1155
438,1,1172
439,1,1146
440,1,1157
441,1,1112
442,1,1142
443,1,1158
444,1,1119
445,1,1106
446,1,1113
447,1,1102
448,1,1116
449,1,1091
450,1,1130
451,1,1110
452,1,1110
453,1,1132
454,1,1098
455,1,1144
456,1,1136
457,1,1127
458,1,1104
459,1,1128
460,1,1123
461,1,1108
462,1,1115
463,1,1117
464,1,1102
465,1,1154
466,1,1143
467,1,1147
468,1,1121
469,1,1144
470,1,1136
471,1,1127
472,1,1128
473,1,1128
474,1,1150
475,1,1154
476,1,1151
477,1,1164
478,1,1180
479,1,1183
480,1,1217
481,1,1183
482,1,1195
483,1,1182
484,1,1188
485,1,1194
486,1,1189
487,1,1171
488,1,1208
489,1,1203
490,1,1169
491,1,1179
492,1,1219
493,1,1192
494,1,1195
495,1,1176
496,1,1184
497,1,1176
498,1,1198
499,1,1223
500,1,1228
501,1,1250
502,1,1228
503,1,1226
504,1,1256
505,1,1243
506,1,1281
507,1,1241
508,1,1275
509,1,1277
510,1,1318
511,1,1296
512,1,1299
513,1,1317
514,1,1330
515,1,1364
516,1,1336
517,1,1338
518,1,1331
519,1,1372
520,1,1319
521,1,1324
522,1,1362
523,1,1359
524,1,1367
525,1,1332
526,1,1377
527,1,1395
528,1,1409
529,1,1351
530,1,1346
531,1,1348
532,1,1336
533,1,1360
534,1,1361
535,1,1397
536,1,1350
537,1,1356
538,1,1427
539,1,1365
540,1,1386
541,1,1416
542,1,1414
543,1,1450
544,1,1429
545,1,1453
546,1,1448
547,1,1463
548,1,1476
549,1,1460
550,1,1460
551,1,1464
552,1,1428
553,1,1457
554,1,1433
555,1,1428
556,1,1397
557,1,1427
558,1,1406
559,1,1373
560,1,1355
561,1,1351
562,1,1326
563,1,1330
564,1,1335
565,1,1307
566,1,1315
567,1,1346
568,1,1306
569,1,1316
570,1,1324
571,1,1314
572,1,1374
573,1,1366
574,1,1334
575,1,1353
576,1,1352
577,1,1364
578,1,1342
579,1,1386
580,1,1406
581,1,1387
582,1,1425
583,1,1440
584,1,1451
585,1,1491
586,1,1487
587,1,1440
588,1,1519
589,1,1509
590,1,1585
591,1,1614
592,1,1611
593,1,1655
594,1,1663
595,1,1754
596,1,1805
597,1,1840
598,1,1892
599,1,1990
600,1,2084
601,1,2146
602,1,2221
603,1,2306
604,1,2483
605,1,2593
606,1,2653
607,1,2742
608,1,2836
609,1,2924
610,1,3033
611,1,3074
612,1,3194
613,1,3326
614,1,3400
615,1,3553
616,1,3586
617,1,3560
618,1,3636
619,1,3664
620,1,3618
621,1,3637
622,1,3523
623,1,3438
624,1,3267
625,1,3143
626,1,2958
627,1,2710
628,1,2663
629,1,2505
630,1,2378
631,1,2271
632,1,2073
633,1,2069
634,1,1975
635,1,1975
636,1,1882
637,1,1824
638,1,1775
639,1,1718
640,1,1735
641,1,1688
642,1,1687
643,1,1639
644,1,1619
645,1,1589
646,1,1607
647,1,1586
648,1,1562
649,1,1564
650,1,1551
651,1,1528
652,1,1558
653,1,1500
654,1,1535
655,1,1556
656,1,1559
657,1,1540
658,1,1615
659,1,1527
660,1,1565
661,1,1586
662,1,1544
663,1,1584
664,1,1593
665,1,1609
666,1,1604
667,1,1608
668,1,1606
669,1,1642
670,1,1675
671,1,1646
672,1,1664
673,1,1713
674,1,1703
675,1,1693
676,1,1774
677,1,1718
678,1,1729
679,1,1825
680,1,1820
681,1,1765
682,1,1833
683,1,1882
684,1,1874
685,1,1902
686,1,1939
687,1,1922
688,1,1973
689,1,1960
690,1,1999
691,1,2100
692,1,2116
693,1,2136
694,1,2118
695,1,2133
696,1,2106
697,1,2143
698,1,2091
699,1,2150
700,1,2076
701,1,2203
702,1,2144
703,1,2142
704,1,2167
705,1,2153
706,1,2168
707,1,2198
708,1,2175
709,1,2184
710,1,2152
711,1,2150
712,1,2159
713,1,2139
714,1,2107
715,1,2090
716,1,2121
717,1,2129
718,1,2104
719,1,2034
720,1,2075
721,1,2041
722,1,2043
723,1,2051
724,1,1979
725,1,1999
726,1,1994
727,1,1957
728,1,1932
729,1,1908
730,1,1940
731,1,1928
732,1,1892
733,1,1926
734,1,1875
735,1,1893
736,1,1857
737,1,1840
738,1,1864
739,1,1834
740,1,1783
741,1,1806
742,1,1781
743,1,1743
744,1,1742
745,1,1752
746,1,1771
747,1,1684
748,1,1703
749,1,1715
750,1,1709
751,1,1700
752,1,1654
753,1,1677
754,1,1669
755,1,1668
756,1,1638
757,1,1617
758,1,1664
759,1,1623
760,1,1624
761,1,1604
762,1,1624
763,1,1620
764,1,1563
765,1,1588
766,1,1598
767,1,1568
768,1,1613
769,1,1608
770,1,1580
771,1,1633
772,1,1615
773,1,1567
774,1,1636
775,1,1602
776,1,1649
777,1,1611
778,1,1606
779,1,1627
780,1,1622
781,1,1654
782,1,1664
783,1,1675
784,1,1655
785,1,1641
786,1,1651
787,1,1677
788,1,1655
789,1,1680
790,1,1638
791,1,1633
792,1,1665
793,1,1609
794,1,1605
795,1,1592
796,1,1616
797,1,1564
798,1,1575
799,1,1589
800,1,1526
801,1,1543
802,1,1495
803,1,1489
804,1,1480
805,1,1485
806,1,1474
807,1,1445
808,1,1450
809,1,1457
810,1,1494
811,1,1434
812,1,1468
813,1,1449
814,1,1462
815,1,1483
816,1,1432
817,1,1454
818,1,1448
819,1,1496
820,1,1434
821,1,1428
822,1,1426
823,1,1465
824,1,1447
825,1,1433
826,1,1448
827,1,1410
828,1,1474
829,1,1425
830,1,1441
831,1,1398
832,1,1429
833,1,1388
834,1,1444
835,1,1411
836,1,1438
837,1,1472
838,1,1410
839,1,1434
840,1,1404
841,1,1415
842,1,1408
843,1,1412
844,1,1441
845,1,1420
846,1,1473
847,1,1416
848,1,1424
849,1,1427
850,1,1430
851,1,1424
852,1,1458
853,1,1421
854,1,1452
855,1,1461
856,1,1442
857,1,1446
858,1,1419
859,1,1469
860,1,1492
861,1,1498
862,1,1468
863,1,1486
864,1,1495
865,1,1488
866,1,1492
867,1,1484
868,1,1511
869,1,1500
870,1,1499
871,1,1518
872,1,1535
873,1,1580
874,1,1588
875,1,1568
876,1,1558
877,1,1578
878,1,1591
879,1,1612
880,1,1622
881,1,1638
882,1,1608
883,1,1687
884,1,1669
885,1,1681
886,1,1736
887,1,1703
888,1,1757
889,1,1774
890,1,1771
891,1,1758
892,1,1875
893,1,1966
894,1,1975
895,1,1975
896,1,2095
897,1,2168
898,1,2147
899,1,2264
900,1,2360
901,1,2384
902,1,2507
903,1,2483
904,1,2647
905,1,2751
906,1,2824
907,1,2956
908,1,3036
909,1,3055
910,1,3200
911,1,3264
912,1,3405
913,1,3460
914,1,3542
915,1,3659
916,1,3740
917,1,3807
918,1,3978
919,1,3999
920,1,4048
921,1,4058
922,1,4148
923,1,4181
924,1,4162
925,1,4141
926,1,4045
927,1,4092
928,1,4168
929,1,4162
930,1,4228
931,1,4302
932,1,4373
933,1,4483
934,1,4554
935,1,4684
936,1,4960
937,1,4925
938,1,5152
939,1,5328
940,1,5452
941,1,5712
942,1,5941
943,1,6029
944,1,6137
945,1,6246
946,1,6352
947,1,6430
948,1,6491
949,1,6474
950,1,6390
951,1,6228
952,1,6306
953,1,6089
954,1,5862
955,1,5679
956,1,5305
957,1,4955
958,1,4723
959,1,4344
960,1,4188
961,1,3900
962,1,3677
963,1,3462
964,1,3318
965,1,3187
966,1,3074
967,1,2927
968,1,2798
969,1,2782
970,1,2642
971,1,2571
972,1,2615
973,1,2500
974,1,2485
975,1,2448
976,1,2373
977,1,2322
978,1,2332
979,1,2270
980,1,2207
981,1,2172
982,1,2113
983,1,2085
984,1,2050
985,1,1996
986,1,1948
987,1,1950
988,1,1859
989,1,1846
990,1,1825
991,1,1770
992,1,1758
993,1,1742
994,1,1699
995,1,1673
996,1,1647
997,1,1653
998,1,1652
999,1,1545
1000,1,1568
1001,1,1548
1002,1,1565
1003,1,1550
1004,1,1515
1005,1,1486
1006,1,1531
1007,1,1537
1008,1,1444
1009,1,1501
1010,1,1637
1011,1,1486
1012,1,1447
1013,1,1413
1014,1,1427
1015,1,1411
1016,1,1450
1017,1,1413
1018,1,1403
1019,1,1384
1020,1,1404
1021,1,1429
1022,1,1398
1023,1,1388
1024,1,1383
1025,1,1368
1026,1,1364
1027,1,1349
1028,1,1328
1029,1,1387
1030,1,1390
1031,1,1312
1032,1,1328
1033,1,1337
1034,1,1339
1035,1,1376
1036,1,1337
1037,1,1371
1038,1,1375
1039,1,1347
1040,1,1351
1041,1,1345
1042,1,1331
1043,1,1310
1044,1,1330
1045,1,1340
1046,1,1334
1047,1,1342
1048,1,1330
1049,1,1361
1050,1,1329
1051,1,1365
1052,1,1357
1053,1,1384
1054,1,1352
1055,1,1360
1056,1,1310
1057,1,1323
1058,1,1392
1059,1,1351
1060,1,1365
1061,1,1360
1062,1,1367
1063,1,1318
1064,1,1364
1065,1,1387
1066,1,1342
1067,1,1370
1068,1,1373
1069,1,1352
1070,1,1339
1071,1,1348
1072,1,1356
1073,1,1304
1074,1,1334
1075,1,1318
1076,1,1308
1077,1,1293
1078,1,1299
1079,1,1313
1080,1,1313
1081,1,1305
1082,1,1291
1083,1,1347
1084,1,1286
1085,1,1319
1086,1,1283
1087,1,1322
1088,1,1316
1089,1,1273
1090,1,1318
1091,1,1297
1092,1,1296
1093,1,1276
1094,1,1304
1095,1,1307
1096,1,1296
1097,1,1282
1098,1,1284
1099,1,1284
1100,1,1298
1101,1,1268
1102,1,1240
1103,1,1289
1104,1,1284
1105,1,1299
1106,1,1293
1107,1,1249
1108,1,1256
1109,1,1273
1110,1,1246
1111,1,1295
1112,1,1278
1113,1,1290
1114,1,1272
1115,1,1263
1116,1,1285
1117,1,1273
1118,1,1243
1119,1,1292
1120,1,1280
1121,1,1286
1122,1,1277
1123,1,1287
1124,1,1240
1125,1,1265
1126,1,1295
1127,1,1258
1128,1,1262
1129,1,1288
1130,1,1297
1131,1,1278
1132,1,1295
1133,1,1283
1134,1,1325
1135,1,1311
1136,1,1273
1137,1,1250
1138,1,1295
1139,1,1281
1140,1,1291
1141,1,1300
1142,1,1300
1143,1,1279
1144,1,1294
1145,1,1298
1146,1,1265
1147,1,1291
1148,1,1227
1149,1,1238
1150,1,1288
1151,1,1289
1152,1,1273
1153,1,1313
1154,1,1286
1155,1,1236
1156,1,1252
1157,1,1243
1158,1,1293
1159,1,1284
1160,1,1238
1161,1,1261
1162,1,1260
1163,1,1272
1164,1,1300
1165,1,1265
1166,1,1275
1167,1,1281
1168,1,1249
1169,1,1263
1170,1,1272
1171,1,1229
1172,1,1279
1173,1,1270
1174,1,1283
1175,1,1230
1176,1,1270
1177,1,1258
1178,1,1266
1179,1,1311
1180,1,1290
1181,1,1257
1182,1,1263
1183,1,1246
1184,1,1283
1185,1,1299
1186,1,1283
1187,1,1256
1188,1,1286
1189,1,1282
1190,1,1254
1191,1,1266
1192,1,1312
1193,1,1269
1194,1,1307
1195,1,1289
1196,1,1291
1197,1,1264
1198,1,1317
1199,1,1283
1200,1,1282
1201,1,1318
1202,1,1291
1203,1,1294
1204,1,1266
1205,1,1279
1206,1,1297
1207,1,1300
1208,1,1298
1209,1,1335
1210,1,1289
1211,1,1319
1212,1,1306
1213,1,1332
1214,1,1296
1215,1,1280
1216,1,1353
1217,1,1316
1218,1,1301
1219,1,1303
1220,1,1319
1221,1,1332
1222,1,1340
1223,1,1313
1224,1,1340
1225,1,1337
1226,1,1333
1227,1,1363
1228,1,1359
1229,1,1370
1230,1,1337
1231,1,1304
1232,1,1362
1233,1,1322
1234,1,1346
1235,1,1336
1236,1,1322
1237,1,1323
1238,1,1322
1239,1,1331
1240,1,1320
1241,1,1301
1242,1,1322
1243,1,1301
1244,1,1329
1245,1,1292
1246,1,1329
1247,1,1321
1248,1,1308
1249,1,1305
1250,1,1302
1251,1,1293
1252,1,1353
1253,1,1315
1254,1,1325
1255,1,1296
1256,1,1305
1257,1,1292
1258,1,1264
1259,1,1298
1260,1,1309
1261,1,1313
1262,1,1297
1263,1,1342
1264,1,1301
1265,1,1324
1266,1,1301
1267,1,1316
1268,1,1304
1269,1,1258
1270,1,1286
1271,1,1286
1272,1,1280
1273,1,1284
1274,1,1323
1275,1,1337
1276,1,1315
1277,1,1283
1278,1,1306
1279,1,1310
1280,1,1322
1281,1,1334
1282,1,1281
1283,1,1329
1284,1,1308
1285,1,1277
1286,1,1293
1287,1,1292
1288,1,1319
1289,1,1322
1290,1,1305
1291,1,1285
1292,1,1316
1293,1,1316
1294,1,1327
1295,1,1272
1296,1,1324
1297,1,1274
1298,1,1297
1299,1,1337
1300,1,1304
1301,1,1314
1302,1,1295
1303,1,1306
1304,1,1333
1305,1,1330
1306,1,1316
1307,1,1337
1308,1,1294
1309,1,1331
1310,1,1289
1311,1,1341
1312,1,1309
1313,1,1308
1314,1,1320
1315,1,1362
1316,1,1299
1317,1,1292
1318,1,1326
1319,1,1334
1320,1,1314
1321,1,1318
1322,1,1311
1323,1,1300
1324,1,1339
1325,1,1315
1326,1,1332
1327,1,1290
1328,1,1324
1329,1,1353
1330,1,1299
1331,1,1355
1332,1,1338
1333,1,1330
1334,1,1323
1335,1,1308
1336,1,1322
1337,1,1298
1338,1,1293
1339,1,1315
1340,1,1298
