1,1,1083
2,1,1140
3,1,1106
4,1,1099
5,1,1112
6,1,1134
7,1,1131
8,1,1155
9,1,1103
10,1,1134
11,1,1154
12,1,1143
13,1,1137
14,1,1127
15,1,1130
16,1,1161
17,1,1164
18,1,1175
19,1,1161
20,1,1186
21,1,1176
22,1,1217
23,1,1186
24,1,1224
25,1,1198
26,1,1223
27,1,1205
28,1,1258
29,1,1247
30,1,1270
31,1,1294
32,1,1313
33,1,1300
34,1,1303
35,1,1339
36,1,1376
37,1,1381
38,1,1382
39,1,1426
40,1,1432
41,1,1466
42,1,1476
43,1,1499
44,1,1522
45,1,1490
46,1,1501
47,1,1585
48,1,1544
49,1,1571
50,1,1591
51,1,1616
52,1,1612
53,1,1652
54,1,1635
55,1,1707
56,1,1695
57,1,1720
58,1,1780
59,1,1838
60,1,1833
61,1,1912
62,1,1958
63,1,1975
64,1,2095
65,1,2132
66,1,2249
67,1,2327
68,1,2491
69,1,2632
70,1,2810
71,1,3015
72,1,3322
73,1,3718
74,1,4216
75,1,4631
76,1,5318
77,1,6084
78,1,6912
79,1,7790
80,1,8624
81,1,9550
82,1,10458
83,1,11444
84,1,12252
85,1,13088
86,1,13929
87,1,14886
88,1,15768
89,1,16797
90,1,17734
91,1,18697
92,1,19430
93,1,20066
94,1,19984
95,1,19712
96,1,19340
97,1,18877
98,1,18380
99,1,17832
100,1,17130
101,1,16247
102,1,15491
103,1,14462
104,1,12108
105,1,10002
106,1,8113
107,1,6484
108,1,5352
109,1,4474
110,1,3878
111,1,3537
112,1,3308
113,1,3211
114,1,3271
115,1,3397
116,1,3505
117,1,3662
118,1,3875
119,1,4108
120,1,4347
121,1,4623
122,1,4873
123,1,5105
124,1,5392
125,1,5654
126,1,5816
127,1,6105
128,1,6343
129,1,6603
130,1,6879
131,1,7112
132,1,7357
133,1,7546
134,1,7543
135,1,7356
136,1,7218
137,1,6923
138,1,6496
139,1,6070
140,1,5491
141,1,4855
142,1,4264
143,1,3636
144,1,3170
145,1,2723
146,1,2441
147,1,2220
148,1,2032
149,1,1915
150,1,1775
151,1,1767
152,1,1670
153,1,1628
154,1,1591
155,1,1542
156,1,1526
157,1,1528
158,1,1512
159,1,1530
160,1,1471
161,1,1489
162,1,1433
163,1,1445
164,1,1409
165,1,1441
166,1,1447
167,1,1417
168,1,1378
169,1,1404
170,1,1378
171,1,1348
172,1,1388
173,1,1361
174,1,1372
175,1,1334
176,1,1337
177,1,1354
178,1,1332
179,1,1321
180,1,1371
181,1,1325
182,1,1312
183,1,1323
184,1,1354
185,1,1353
186,1,1342
187,1,1327
188,1,1365
189,1,1345
190,1,1336
191,1,1335
192,1,1342
193,1,1339
194,1,1345
195,1,1315
196,1,1349
197,1,1347
198,1,1351
199,1,1336
200,1,1374
201,1,1358
202,1,1366
203,1,1329
204,1,1328
205,1,1342
206,1,1328
207,1,1340
208,1,1359
209,1,1351
210,1,1322
211,1,1312
212,1,1313
213,1,1301
214,1,1316
215,1,1299
216,1,1287
217,1,1283
218,1,1256
219,1,1274
220,1,1268
221,1,1252
222,1,1258
223,1,1236
224,1,1235
225,1,1227
226,1,1249
227,1,1281
228,1,1237
229,1,1247
230,1,1237
231,1,1247
232,1,1215
233,1,1222
234,1,1246
235,1,1203
236,1,1202
237,1,1219
238,1,1256
239,1,1239
240,1,1247
241,1,1233
242,1,1248
243,1,1242
244,1,1265
245,1,1219
246,1,1259
247,1,1230
248,1,1233
249,1,1253
250,1,1247
251,1,1228
252,1,1268
253,1,1273
254,1,1276
255,1,1268
256,1,1289
257,1,1293
258,1,1280
259,1,1291
260,1,1303
261,1,1300
262,1,1316
263,1,1351
264,1,1313
265,1,1362
266,1,1366
267,1,1356
268,1,1381
269,1,1400
270,1,1379
271,1,1407
272,1,1421
273,1,1443
274,1,1454
275,1,1440
276,1,1488
277,1,1497
278,1,1525
279,1,1569
280,1,1545
281,1,1613
282,1,1605
283,1,1691
284,1,1663
285,1,1682
286,1,1785
287,1,1795
288,1,1851
289,1,1906
290,1,1993
291,1,2081
292,1,2140
293,1,2243
294,1,2312
295,1,2398
296,1,2523
297,1,2612
298,1,2702
299,1,2799
300,1,2865
301,1,2970
302,1,3049
303,1,3131
304,1,3227
305,1,3281
306,1,3380
307,1,3426
308,1,3515
309,1,3518
310,1,3503
311,1,3565
312,1,3539
313,1,3474
314,1,3427
315,1,3335
316,1,3233
317,1,3130
318,1,3043
319,1,3028
320,1,2874
321,1,2808
322,1,2762
323,1,2787
324,1,2755
325,1,2719
326,1,2708
327,1,2745
328,1,2753
329,1,2747
330,1,2699
331,1,2739
332,1,2741
333,1,2765
334,1,2777
335,1,2846
336,1,2829
337,1,2907
338,1,2948
339,1,2954
340,1,3004
341,1,2991
342,1,3022
343,1,3028
344,1,3032
345,1,3027
346,1,2998
347,1,2849
348,1,2822
349,1,2789
350,1,2695
351,1,2656
352,1,2554
353,1,2499
354,1,2446
355,1,2390
356,1,2415
357,1,2336
358,1,2330
359,1,2335
360,1,2359
361,1,2419
362,1,2420
363,1,2522
364,1,2661
365,1,2779
366,1,2985
367,1,3142
368,1,3311
369,1,3592
370,1,3829
371,1,4091
372,1,4284
373,1,4623
374,1,4914
375,1,5204
376,1,5423
377,1,5774
378,1,6057
379,1,6353
380,1,6617
381,1,6819
382,1,7121
383,1,7324
384,1,7551
385,1,7777
386,1,7883
387,1,7890
388,1,7855
389,1,7709
390,1,7469
391,1,7132
392,1,6683
393,1,6161
394,1,5636
395,1,4985
396,1,4461
397,1,3902
398,1,3444
399,1,2990
400,1,2667
401,1,2450
402,1,2209
403,1,2016
404,1,1897
405,1,1766
406,1,1718
407,1,1657
408,1,1613
409,1,1599
410,1,1561
411,1,1548
412,1,1521
413,1,1477
414,1,1477
415,1,1500
416,1,1451
417,1,1439
418,1,1402
419,1,1407
420,1,1368
421,1,1403
422,1,1412
423,1,1384
424,1,1411
425,1,1406
426,1,1392
427,1,1386
428,1,1392
429,1,1373
430,1,1389
431,1,1429
432,1,1381
433,1,1417
434,1,1346
435,1,1385
436,1,1401
437,1,1428
438,1,1373
439,1,1412
440,1,1389
441,1,1393
442,1,1346
443,1,1367
444,1,1343
445,1,1378
446,1,1350
447,1,1344
448,1,1343
449,1,1340
450,1,1319
451,1,1315
452,1,1308
453,1,1290
454,1,1275
455,1,1280
456,1,1308
457,1,1279
458,1,1294
459,1,1303
460,1,1252
461,1,1280
462,1,1286
463,1,1280
464,1,1286
465,1,1279
466,1,1288
467,1,1290
468,1,1304
469,1,1284
470,1,1308
471,1,1293
472,1,1300
473,1,1307
474,1,1278
475,1,1306
476,1,1288
477,1,1303
478,1,1291
479,1,1302
480,1,1304
481,1,1279
482,1,1305
483,1,1321
484,1,1327
485,1,1293
486,1,1315
487,1,1355
488,1,1313
489,1,1361
490,1,1341
491,1,1367
492,1,1388
493,1,1391
494,1,1372
495,1,1399
496,1,1377
497,1,1351
498,1,1381
499,1,1383
500,1,1396
501,1,1375
502,1,1388
503,1,1423
504,1,1383
505,1,1399
506,1,1397
507,1,1408
508,1,1394
509,1,1427
510,1,1445
511,1,1444
512,1,1443
513,1,1474
514,1,1435
515,1,1487
516,1,1463
517,1,1474
518,1,1504
519,1,1495
520,1,1521
521,1,1544
522,1,1525
523,1,1524
524,1,1520
525,1,1519
526,1,1546
527,1,1538
528,1,1552
529,1,1579
530,1,1546
531,1,1554
532,1,1600
533,1,1603
534,1,1598
535,1,1585
536,1,1626
537,1,1598
538,1,1616
539,1,1602
540,1,1595
541,1,1586
542,1,1589
543,1,1586
544,1,1600
545,1,1592
546,1,1581
547,1,1566
548,1,1621
549,1,1650
550,1,1638
551,1,1645
552,1,1663
553,1,1657
554,1,1649
555,1,1665
556,1,1705
557,1,1702
558,1,1758
559,1,1718
560,1,1727
561,1,1736
562,1,1695
563,1,1721
564,1,1712
565,1,1657
566,1,1656
567,1,1640
568,1,1653
569,1,1624
570,1,1624
571,1,1627
572,1,1618
573,1,1577
574,1,1543
575,1,1601
576,1,1539
577,1,1530
578,1,1542
579,1,1549
580,1,1515
581,1,1567
582,1,1545
583,1,1552
584,1,1532
585,1,1563
586,1,1577
587,1,1555
588,1,1570
589,1,1582
590,1,1665
591,1,1618
592,1,1679
593,1,1677
594,1,1716
595,1,1703
596,1,1725
597,1,1728
598,1,1778
599,1,1837
600,1,1828
601,1,1867
602,1,1893
603,1,1933
604,1,2025
605,1,2064
606,1,2136
607,1,2211
608,1,2281
609,1,2356
610,1,2464
611,1,2563
612,1,2642
613,1,2775
614,1,2865
615,1,3018
616,1,3058
617,1,3241
618,1,3361
619,1,3546
620,1,3581
621,1,3742
622,1,3850
623,1,3975
624,1,4021
625,1,4092
626,1,4208
627,1,4284
628,1,4375
629,1,4380
630,1,4451
631,1,4385
632,1,4248
633,1,4179
634,1,4060
635,1,3943
636,1,3791
637,1,3625
638,1,3451
639,1,3227
640,1,3104
641,1,2906
642,1,2802
643,1,2695
644,1,2511
645,1,2494
646,1,2388
647,1,2287
648,1,2229
649,1,2181
650,1,2083
651,1,2100
652,1,2049
653,1,2023
654,1,1970
655,1,1942
656,1,1897
657,1,1936
658,1,1863
659,1,1876
660,1,1845
661,1,1836
662,1,1841
663,1,1838
664,1,1846
665,1,1871
666,1,1904
667,1,1860
668,1,1882
669,1,1857
670,1,1886
671,1,1914
672,1,1912
673,1,1923
674,1,1882
675,1,1908
676,1,1904
677,1,1904
678,1,1922
679,1,1947
680,1,1985
681,1,1987
682,1,1953
683,1,2026
684,1,2056
685,1,2091
686,1,2069
687,1,2097
688,1,2074
689,1,2145
690,1,2160
691,1,2202
692,1,2210
693,1,2268
694,1,2291
695,1,2343
696,1,2377
697,1,2355
698,1,2343
699,1,2380
700,1,2448
701,1,2456
702,1,2484
703,1,2512
704,1,2501
705,1,2535
706,1,2557
707,1,2568
708,1,2569
709,1,2641
710,1,2637
711,1,2663
712,1,2643
713,1,2650
714,1,2630
715,1,2634
716,1,2603
717,1,2652
718,1,2608
719,1,2622
720,1,2606
721,1,2669
722,1,2613
723,1,2664
724,1,2651
725,1,2629
726,1,2562
727,1,2532
728,1,2546
729,1,2530
730,1,2525
731,1,2514
732,1,2508
733,1,2495
734,1,2475
735,1,2457
736,1,2407
737,1,2452
738,1,2413
739,1,2375
740,1,2345
741,1,2352
742,1,2294
743,1,2315
744,1,2320
745,1,2321
746,1,2301
747,1,2267
748,1,2197
749,1,2231
750,1,2234
751,1,2153
752,1,2176
753,1,2184
754,1,2133
755,1,2081
756,1,2150
757,1,2096
758,1,2091
759,1,2095
760,1,2053
761,1,2030
762,1,2026
763,1,1972
764,1,2006
765,1,1997
766,1,1981
767,1,1951
768,1,1944
769,1,1964
770,1,1926
771,1,1938
772,1,1955
773,1,1950
774,1,1921
775,1,1911
776,1,1921
777,1,1928
778,1,1856
779,1,1861
780,1,1923
781,1,1881
782,1,1910
783,1,1880
784,1,1920
785,1,1919
786,1,1891
787,1,1990
788,1,1898
789,1,1950
790,1,1950
791,1,1934
792,1,1941
793,1,2004
794,1,1926
795,1,1946
796,1,1968
797,1,2004
798,1,1951
799,1,1949
800,1,1953
801,1,1945
802,1,1984
803,1,1969
804,1,1923
805,1,1904
806,1,1913
807,1,1900
808,1,1866
809,1,1892
810,1,1838
811,1,1809
812,1,1816
813,1,1799
814,1,1788
815,1,1801
816,1,1775
817,1,1738
818,1,1785
819,1,1758
820,1,1725
821,1,1752
822,1,1741
823,1,1763
824,1,1748
825,1,1764
826,1,1724
827,1,1719
828,1,1690
829,1,1718
830,1,1735
831,1,1698
832,1,1701
833,1,1696
834,1,1695
835,1,1701
836,1,1701
837,1,1724
838,1,1722
839,1,1669
840,1,1670
841,1,1700
842,1,1720
843,1,1704
844,1,1670
845,1,1707
846,1,1715
847,1,1684
848,1,1677
849,1,1668
850,1,1670
851,1,1698
852,1,1659
853,1,1727
854,1,1711
855,1,1726
856,1,1686
857,1,1692
858,1,1707
859,1,1716
860,1,1681
861,1,1692
862,1,1690
863,1,1723
864,1,1690
865,1,1728
866,1,1709
867,1,1740
868,1,1708
869,1,1708
870,1,1719
871,1,1717
872,1,1756
873,1,1741
874,1,1788
875,1,1765
876,1,1780
877,1,1780
878,1,1774
879,1,1751
880,1,1780
881,1,1782
882,1,1840
883,1,1844
884,1,1818
885,1,1855
886,1,1812
887,1,1859
888,1,1914
889,1,1877
890,1,1896
891,1,1896
892,1,1909
893,1,1918
894,1,1983
895,1,2005
896,1,1996
897,1,2030
898,1,2080
899,1,2112
900,1,2160
901,1,2202
902,1,2249
903,1,2276
904,1,2338
905,1,2368
906,1,2436
907,1,2509
908,1,2612
909,1,2636
910,1,2762
911,1,2797
912,1,2879
913,1,2970
914,1,3118
915,1,3266
916,1,3406
917,1,3475
918,1,3605
919,1,3749
920,1,3867
921,1,4019
922,1,4069
923,1,4177
924,1,4331
925,1,4393
926,1,4566
927,1,4655
928,1,4747
929,1,4801
930,1,4857
931,1,4947
932,1,5072
933,1,5004
934,1,5080
935,1,5205
936,1,5295
937,1,5248
938,1,5303
939,1,5298
940,1,5361
941,1,5291
942,1,5448
943,1,5639
944,1,5716
945,1,5809
946,1,5946
947,1,6064
948,1,6332
949,1,6433
950,1,6694
951,1,6870
952,1,7088
953,1,7202
954,1,7407
955,1,7567
956,1,7679
957,1,7767
958,1,7832
959,1,7941
960,1,8039
961,1,7868
962,1,7878
963,1,7773
964,1,7519
965,1,7321
966,1,7053
967,1,6759
968,1,6524
969,1,6072
970,1,5745
971,1,5367
972,1,5063
973,1,4785
974,1,4565
975,1,4281
976,1,4124
977,1,3954
978,1,3780
979,1,3617
980,1,3487
981,1,3405
982,1,3300
983,1,3214
984,1,3174
985,1,3046
986,1,3029
987,1,2935
988,1,2842
989,1,2800
990,1,2786
991,1,2739
992,1,2624
993,1,2579
994,1,2555
995,1,2479
996,1,2440
997,1,2365
998,1,2365
999,1,2276
1000,1,2211
1001,1,2195
1002,1,2170
1003,1,2122
1004,1,2077
1005,1,2047
1006,1,2017
1007,1,1994
1008,1,1900
1009,1,1927
1010,1,1953
1011,1,1869
1012,1,1842
1013,1,1845
1014,1,1815
1015,1,1825
1016,1,1753
1017,1,1766
1018,1,1757
1019,1,1719
1020,1,1729
1021,1,1713
1022,1,1714
1023,1,1676
1024,1,1695
1025,1,1662
1026,1,1695
1027,1,1652
1028,1,1689
1029,1,1675
1030,1,1613
1031,1,1625
1032,1,1638
1033,1,1596
1034,1,1626
1035,1,1610
1036,1,1622
1037,1,1607
1038,1,1603
1039,1,1600
1040,1,1579
1041,1,1607
1042,1,1549
1043,1,1597
1044,1,1568
1045,1,1572
1046,1,1532
1047,1,1590
1048,1,1564
1049,1,1583
1050,1,1567
1051,1,1626
1052,1,1571
1053,1,1635
1054,1,1597
1055,1,1557
1056,1,1550
1057,1,1591
1058,1,1604
1059,1,1566
1060,1,1612
1061,1,1572
1062,1,1611
1063,1,2042
1064,1,2035
1065,1,1594
1066,1,1562
1067,1,1578
1068,1,1584
1069,1,1589
1070,1,1593
1071,1,1583
1072,1,1592
1073,1,1576
1074,1,1603
1075,1,1557
1076,1,1595
1077,1,1581
1078,1,1583
1079,1,1603
1080,1,1559
1081,1,1592
1082,1,1572
1083,1,1593
1084,1,1562
1085,1,1559
1086,1,1530
1087,1,1527
1088,1,1529
1089,1,1556
1090,1,1540
1091,1,1542
1092,1,1522
1093,1,1549
1094,1,1544
1095,1,1500
1096,1,1525
1097,1,1498
1098,1,1489
1099,1,1488
1100,1,1468
1101,1,1505
1102,1,1502
1103,1,1500
1104,1,1461
1105,1,1513
1106,1,1475
1107,1,1453
1108,1,1464
1109,1,1502
1110,1,1485
1111,1,1484
1112,1,1497
1113,1,1487
1114,1,1496
1115,1,1500
1116,1,1482
1117,1,1483
1118,1,1442
1119,1,1464
1120,1,1438
1121,1,1483
1122,1,1502
1123,1,1486
1124,1,1465
1125,1,1465
1126,1,1456
1127,1,1440
1128,1,1444
1129,1,1472
1130,1,1447
1131,1,1458
1132,1,1491
1133,1,1465
1134,1,1486
1135,1,1463
1136,1,1477
1137,1,1473
1138,1,1488
1139,1,1455
1140,1,1530
1141,1,1492
1142,1,1456
1143,1,1467
1144,1,1467
1145,1,1475
1146,1,1468
1147,1,1464
1148,1,1491
1149,1,1473
1150,1,1500
1151,1,1491
1152,1,1490
1153,1,1478
1154,1,1454
1155,1,1456
1156,1,1461
1157,1,1460
1158,1,1489
1159,1,1487
1160,1,1478
1161,1,1479
1162,1,1470
1163,1,1474
1164,1,1434
1165,1,1457
1166,1,1439
1167,1,1457
1168,1,1461
1169,1,1446
1170,1,1452
1171,1,1502
1172,1,1462
1173,1,1462
1174,1,1474
1175,1,1429
1176,1,1470
1177,1,1479
1178,1,1492
1179,1,1495
1180,1,1457
1181,1,1447
1182,1,1455
1183,1,1467
1184,1,1455
1185,1,1462
1186,1,1476
1187,1,1480
1188,1,1506
1189,1,1510
1190,1,1478
1191,1,1489
1192,1,1462
1193,1,1489
1194,1,1468
1195,1,1444
1196,1,1462
1197,1,1491
1198,1,1452
1199,1,1469
1200,1,1462
1201,1,1485
1202,1,1494
1203,1,1523
1204,1,1438
1205,1,1467
1206,1,1498
1207,1,1487
1208,1,1487
1209,1,1469
1210,1,1473
1211,1,1471
1212,1,1501
1213,1,1494
1214,1,1508
1215,1,1493
1216,1,1485
1217,1,1503
1218,1,1504
1219,1,1491
1220,1,1513
1221,1,1550
1222,1,1521
1223,1,1521
1224,1,1482
1225,1,1522
1226,1,1544
1227,1,1493
1228,1,1527
1229,1,1552
1230,1,1529
1231,1,1556
1232,1,1559
1233,1,1568
1234,1,1570
1235,1,1570
1236,1,1557
1237,1,1560
1238,1,1576
1239,1,1542
1240,1,1542
1241,1,1531
1242,1,1527
1243,1,1516
1244,1,1536
1245,1,1535
1246,1,1531
1247,1,1558
1248,1,1557
1249,1,1506
1250,1,1549
1251,1,1478
1252,1,1517
1253,1,1533
1254,1,1526
1255,1,1486
1256,1,1520
1257,1,1495
1258,1,1499
1259,1,1534
1260,1,1490
1261,1,1533
1262,1,1498
1263,1,1480
1264,1,1484
1265,1,1477
1266,1,1483
1267,1,1525
1268,1,1514
1269,1,1472
1270,1,1481
1271,1,1524
1272,1,1522
1273,1,1456
1274,1,1520
1275,1,1520
1276,1,1516
1277,1,1519
1278,1,1510
1279,1,1504
1280,1,1504
1281,1,1514
1282,1,1475
1283,1,1535
1284,1,1500
1285,1,1469
1286,1,1501
1287,1,1471
1288,1,1499
1289,1,1512
1290,1,1475
1291,1,1482
1292,1,1516
1293,1,1477
1294,1,1488
1295,1,1492
1296,1,1477
1297,1,1508
1298,1,1496
1299,1,1497
1300,1,1502
1301,1,1492
1302,1,1470
1303,1,1507
1304,1,1509
1305,1,1491
1306,1,1498
1307,1,1543
1308,1,1533
1309,1,1516
1310,1,1503
1311,1,1499
1312,1,1516
1313,1,1539
1314,1,1485
1315,1,1504
1316,1,1499
1317,1,1503
1318,1,1473
1319,1,1471
1320,1,1519
1321,1,1505
1322,1,1503
1323,1,1533
1324,1,1486
1325,1,1541
1326,1,1532
1327,1,1474
1328,1,1521
1329,1,1520
1330,1,1504
1331,1,1481
1332,1,1492
1333,1,1497
1334,1,1497
1335,1,1523
1336,1,1465
1337,1,1522
1338,1,1482
1339,1,1513
1340,1,1515
