1,1,1004
2,1,1014
3,1,1017
4,1,1007
5,1,1012
6,1,1025
7,1,1043
8,1,1034
9,1,1029
10,1,1003
11,1,1020
12,1,1018
13,1,1028
14,1,1002
15,1,1038
16,1,1023
17,1,1031
18,1,1065
19,1,1038
20,1,1037
21,1,1054
22,1,1034
23,1,1065
24,1,1033
25,1,1074
26,1,1055
27,1,1126
28,1,1083
29,1,1099
30,1,1114
31,1,1110
32,1,1136
33,1,1129
34,1,1133
35,1,1148
36,1,1152
37,1,1156
38,1,1154
39,1,1183
40,1,1203
41,1,1232
42,1,1232
43,1,1221
44,1,1273
45,1,1278
46,1,1293
47,1,1305
48,1,1306
49,1,1338
50,1,1319
51,1,1322
52,1,1356
53,1,1368
54,1,1404
55,1,1374
56,1,1417
57,1,1403
58,1,1419
59,1,1459
60,1,1455
61,1,1514
62,1,1494
63,1,1548
64,1,1545
65,1,1615
66,1,1597
67,1,1688
68,1,1732
69,1,1777
70,1,1863
71,1,1928
72,1,1960
73,1,2007
74,1,2183
75,1,2282
76,1,2404
77,1,2642
78,1,2956
79,1,3246
80,1,3661
81,1,4128
82,1,4707
83,1,5370
84,1,6012
85,1,6809
86,1,7550
87,1,8322
88,1,9125
89,1,9823
90,1,10485
91,1,11206
92,1,11989
93,1,12657
94,1,13445
95,1,14335
96,1,15057
97,1,15837
98,1,16156
99,1,16254
100,1,16153
101,1,15734
102,1,15316
103,1,14897
104,1,14479
105,1,14060
106,1,13643
107,1,13225
108,1,12477
109,1,10939
110,1,8902
111,1,7270
112,1,5823
113,1,4752
114,1,3890
115,1,3354
116,1,3004
117,1,2773
118,1,2658
119,1,2753
120,1,2822
121,1,2857
122,1,3046
123,1,3212
124,1,3403
125,1,3585
126,1,3774
127,1,3999
128,1,4181
129,1,4381
130,1,4532
131,1,4740
132,1,4990
133,1,5203
134,1,5459
135,1,5748
136,1,5945
137,1,6112
138,1,6198
139,1,6308
140,1,6197
141,1,5946
142,1,5672
143,1,5396
144,1,5054
145,1,4755
146,1,4328
147,1,3835
148,1,3281
149,1,2844
150,1,2464
151,1,2145
152,1,1982
153,1,1824
154,1,1684
155,1,1591
156,1,1554
157,1,1486
158,1,1480
159,1,1440
160,1,1423
161,1,1398
162,1,1406
163,1,1346
164,1,1331
165,1,1327
166,1,1325
167,1,1307
168,1,1294
169,1,1281
170,1,1253
171,1,1250
172,1,1282
173,1,1243
174,1,1262
175,1,1224
176,1,1239
177,1,1207
178,1,1211
179,1,1222
180,1,1195
181,1,1190
182,1,1237
183,1,1216
184,1,1201
185,1,1194
186,1,1213
187,1,1193
188,1,1212
189,1,1177
190,1,1204
191,1,1201
192,1,1188
193,1,1192
194,1,1163
195,1,1189
196,1,1192
197,1,1195
198,1,1201
199,1,1184
200,1,1196
201,1,1212
202,1,1228
203,1,1208
204,1,1216
205,1,1227
206,1,1196
207,1,1198
208,1,1227
209,1,1227
210,1,1217
211,1,1239
212,1,1212
213,1,1196
214,1,1198
215,1,1189
216,1,1204
217,1,1190
218,1,1176
219,1,1180
220,1,1173
221,1,1161
222,1,1151
223,1,1147
224,1,1107
225,1,1130
226,1,1129
227,1,1116
228,1,1102
229,1,1141
230,1,1138
231,1,1133
232,1,1120
233,1,1122
234,1,1128
235,1,1136
236,1,1125
237,1,1111
238,1,1125
239,1,1103
240,1,1123
241,1,1132
242,1,1089
243,1,1116
244,1,1142
245,1,1128
246,1,1131
247,1,1138
248,1,1148
249,1,1131
250,1,1117
251,1,1119
252,1,1140
253,1,1134
254,1,1123
255,1,1133
256,1,1124
257,1,1134
258,1,1126
259,1,1154
260,1,1165
261,1,1152
262,1,1166
263,1,1172
264,1,1178
265,1,1162
266,1,1182
267,1,1183
268,1,1179
269,1,1198
270,1,1213
271,1,1188
272,1,1218
273,1,1223
274,1,1221
275,1,1203
276,1,1244
277,1,1269
278,1,1273
279,1,1279
280,1,1290
281,1,1284
282,1,1343
283,1,1329
284,1,1372
285,1,1359
286,1,1409
287,1,1434
288,1,1444
289,1,1438
290,1,1464
291,1,1538
292,1,1591
293,1,1638
294,1,1663
295,1,1714
296,1,1818
297,1,1815
298,1,1884
299,1,1998
300,1,2048
301,1,2087
302,1,2161
303,1,2270
304,1,2327
305,1,2444
306,1,2508
307,1,2584
308,1,2683
309,1,2748
310,1,2761
311,1,2876
312,1,2922
313,1,2961
314,1,3021
315,1,3052
316,1,3008
317,1,3026
318,1,2988
319,1,2967
320,1,2931
321,1,2813
322,1,2773
323,1,2705
324,1,2663
325,1,2587
326,1,2544
327,1,2533
328,1,2451
329,1,2346
330,1,2381
331,1,2296
332,1,2306
333,1,2245
334,1,2276
335,1,2253
336,1,2259
337,1,2319
338,1,2301
339,1,2394
340,1,2338
341,1,2448
342,1,2463
343,1,2479
344,1,2475
345,1,2504
346,1,2565
347,1,2578
348,1,2591
349,1,2573
350,1,2554
351,1,2523
352,1,2502
353,1,2493
354,1,2422
355,1,2386
356,1,2307
357,1,2264
358,1,2201
359,1,2138
360,1,2134
361,1,2059
362,1,2060
363,1,2019
364,1,2003
365,1,2027
366,1,2040
367,1,2056
368,1,2148
369,1,2228
370,1,2289
371,1,2395
372,1,2561
373,1,2707
374,1,2868
375,1,3119
376,1,3316
377,1,3496
378,1,3751
379,1,3963
380,1,4205
381,1,4460
382,1,4656
383,1,4929
384,1,5127
385,1,5333
386,1,5575
387,1,5751
388,1,6055
389,1,6283
390,1,6421
391,1,6572
392,1,6565
393,1,6537
394,1,6468
395,1,6221
396,1,5972
397,1,5735
398,1,5448
399,1,5017
400,1,4527
401,1,4032
402,1,3569
403,1,3082
404,1,2695
405,1,2388
406,1,2198
407,1,1944
408,1,1831
409,1,1703
410,1,1617
411,1,1549
412,1,1504
413,1,1420
414,1,1420
415,1,1392
416,1,1360
417,1,1354
418,1,1310
419,1,1289
420,1,1244
421,1,1265
422,1,1300
423,1,1274
424,1,1262
425,1,1264
426,1,1244
427,1,1259
428,1,1238
429,1,1231
430,1,1238
431,1,1252
432,1,1258
433,1,1264
434,1,1272
435,1,1253
436,1,1238
437,1,1250
438,1,1246
439,1,1231
440,1,1239
441,1,1242
442,1,1252
443,1,1250
444,1,1234
445,1,1230
446,1,1229
447,1,1217
448,1,1199
449,1,1194
450,1,1222
451,1,1174
452,1,1197
453,1,1191
454,1,1202
455,1,1205
456,1,1182
457,1,1203
458,1,1178
459,1,1147
460,1,1158
461,1,1153
462,1,1165
463,1,1164
464,1,1159
465,1,1149
466,1,1152
467,1,1156
468,1,1151
469,1,1120
470,1,1154
471,1,1145
472,1,1175
473,1,1146
474,1,1167
475,1,1175
476,1,1182
477,1,1158
478,1,1158
479,1,1160
480,1,1135
481,1,1151
482,1,1163
483,1,1168
484,1,1159
485,1,1192
486,1,1138
487,1,1170
488,1,1176
489,1,1200
490,1,1189
491,1,1200
492,1,1229
493,1,1187
494,1,1211
495,1,1227
496,1,1190
497,1,1254
498,1,1227
499,1,1234
500,1,1252
501,1,1247
502,1,1243
503,1,1228
504,1,1253
505,1,1251
506,1,1244
507,1,1260
508,1,1204
509,1,1248
510,1,1276
511,1,1259
512,1,1265
513,1,1267
514,1,1258
515,1,1286
516,1,1300
517,1,1297
518,1,1302
519,1,1336
520,1,1297
521,1,1316
522,1,1304
523,1,1326
524,1,1299
525,1,1333
526,1,1340
527,1,1341
528,1,1356
529,1,1377
530,1,1362
531,1,1378
532,1,1384
533,1,1364
534,1,1389
535,1,1383
536,1,1380
537,1,1404
538,1,1407
539,1,1408
540,1,1399
541,1,1417
542,1,1402
543,1,1439
544,1,1419
545,1,1408
546,1,1402
547,1,1414
548,1,1403
549,1,1379
550,1,1403
551,1,1410
552,1,1389
553,1,1394
554,1,1410
555,1,1443
556,1,1426
557,1,1452
558,1,1431
559,1,1464
560,1,1458
561,1,1480
562,1,1485
563,1,1496
564,1,1479
565,1,1486
566,1,1497
567,1,1505
568,1,1466
569,1,1530
570,1,1488
571,1,1504
572,1,1489
573,1,1455
574,1,1451
575,1,1423
576,1,1417
577,1,1445
578,1,1391
579,1,1393
580,1,1393
581,1,1375
582,1,1374
583,1,1349
584,1,1369
585,1,1376
586,1,1388
587,1,1311
588,1,1398
589,1,1382
590,1,1397
591,1,1374
592,1,1389
593,1,1398
594,1,1421
595,1,1446
596,1,1432
597,1,1440
598,1,1454
599,1,1473
600,1,1468
601,1,1494
602,1,1507
603,1,1504
604,1,1585
605,1,1595
606,1,1576
607,1,1640
608,1,1656
609,1,1715
610,1,1747
611,1,1806
612,1,1868
613,1,1932
614,1,1980
615,1,2061
616,1,2086
617,1,2206
618,1,2296
619,1,2405
620,1,2481
621,1,2618
622,1,2660
623,1,2822
624,1,2918
625,1,2987
626,1,3139
627,1,3213
628,1,3269
629,1,3340
630,1,3438
631,1,3542
632,1,3600
633,1,3653
634,1,3695
635,1,3730
636,1,3737
637,1,3698
638,1,3668
639,1,3535
640,1,3462
641,1,3302
642,1,3190
643,1,3060
644,1,2892
645,1,2757
646,1,2610
647,1,2441
648,1,2352
649,1,2204
650,1,2150
651,1,2075
652,1,2016
653,1,1980
654,1,1868
655,1,1894
656,1,1805
657,1,1772
658,1,1775
659,1,1746
660,1,1702
661,1,1672
662,1,1645
663,1,1638
664,1,1672
665,1,1620
666,1,1631
667,1,1613
668,1,1622
669,1,1639
670,1,1660
671,1,1642
672,1,1621
673,1,1596
674,1,1666
675,1,1654
676,1,1666
677,1,1652
678,1,1653
679,1,1669
680,1,1660
681,1,1679
682,1,1683
683,1,1684
684,1,1682
685,1,1701
686,1,1706
687,1,1711
688,1,1775
689,1,1759
690,1,1816
691,1,1780
692,1,1823
693,1,1828
694,1,1862
695,1,1873
696,1,1874
697,1,1908
698,1,1921
699,1,1939
700,1,1974
701,1,1990
702,1,2008
703,1,2045
704,1,2052
705,1,2084
706,1,2090
707,1,2120
708,1,2171
709,1,2171
710,1,2195
711,1,2181
712,1,2236
713,1,2243
714,1,2250
715,1,2248
716,1,2229
717,1,2267
718,1,2260
719,1,2273
720,1,2297
721,1,2279
722,1,2280
723,1,2275
724,1,2290
725,1,2271
726,1,2269
727,1,2251
728,1,2252
729,1,2231
730,1,2221
731,1,2221
732,1,2227
733,1,2200
734,1,2182
735,1,2183
736,1,2174
737,1,2146
738,1,2159
739,1,2152
740,1,2130
741,1,2097
742,1,2109
743,1,2048
744,1,2047
745,1,2060
746,1,2039
747,1,2018
748,1,1996
749,1,1965
750,1,1980
751,1,1971
752,1,1949
753,1,1919
754,1,1907
755,1,1932
756,1,1925
757,1,1945
758,1,1892
759,1,1870
760,1,1871
761,1,1860
762,1,1814
763,1,1852
764,1,1817
765,1,1796
766,1,1794
767,1,1764
768,1,1758
769,1,1753
770,1,1729
771,1,1715
772,1,1744
773,1,1741
774,1,1720
775,1,1722
776,1,1680
777,1,1713
778,1,1681
779,1,1689
780,1,1661
781,1,1677
782,1,1683
783,1,1666
784,1,1657
785,1,1662
786,1,1652
787,1,1677
788,1,1631
789,1,1634
790,1,1670
791,1,1684
792,1,1700
793,1,1690
794,1,1686
795,1,1709
796,1,1684
797,1,1721
798,1,1730
799,1,1684
800,1,1692
801,1,1662
802,1,1714
803,1,1691
804,1,1695
805,1,1706
806,1,1694
807,1,1722
808,1,1700
809,1,1716
810,1,1689
811,1,1670
812,1,1654
813,1,1666
814,1,1638
815,1,1643
816,1,1614
817,1,1593
818,1,1573
819,1,1581
820,1,1558
821,1,1515
822,1,1572
823,1,1540
824,1,1551
825,1,1518
826,1,1501
827,1,1505
828,1,1530
829,1,1530
830,1,1536
831,1,1472
832,1,1533
833,1,1503
834,1,1528
835,1,1530
836,1,1543
837,1,1531
838,1,1531
839,1,1484
840,1,1537
841,1,1524
842,1,1538
843,1,1530
844,1,1549
845,1,1496
846,1,1492
847,1,1502
848,1,1509
849,1,1508
850,1,1509
851,1,1536
852,1,1523
853,1,1497
854,1,1506
855,1,1497
856,1,1470
857,1,1496
858,1,1495
859,1,1509
860,1,1513
861,1,1495
862,1,1499
863,1,1489
864,1,1483
865,1,1497
866,1,1490
867,1,1489
868,1,1496
869,1,1506
870,1,1507
871,1,1543
872,1,1514
873,1,1524
874,1,1537
875,1,1519
876,1,1527
877,1,1553
878,1,1558
879,1,1555
880,1,1561
881,1,1546
882,1,1584
883,1,1569
884,1,1551
885,1,1575
886,1,1573
887,1,1558
888,1,1579
889,1,1570
890,1,1614
891,1,1573
892,1,1620
893,1,1638
894,1,1671
895,1,1663
896,1,1650
897,1,1689
898,1,1696
899,1,1713
900,1,1689
901,1,1749
902,1,1756
903,1,1791
904,1,1794
905,1,1813
906,1,1864
907,1,1906
908,1,1931
909,1,1989
910,1,2018
911,1,2034
912,1,2100
913,1,2124
914,1,2171
915,1,2247
916,1,2335
917,1,2398
918,1,2523
919,1,2597
920,1,2672
921,1,2734
922,1,2846
923,1,2915
924,1,3066
925,1,3189
926,1,3299
927,1,3312
928,1,3498
929,1,3610
930,1,3715
931,1,3724
932,1,3852
933,1,3899
934,1,3963
935,1,4025
936,1,4147
937,1,4214
938,1,4244
939,1,4267
940,1,4357
941,1,4328
942,1,4383
943,1,4324
944,1,4412
945,1,4386
946,1,4467
947,1,4465
948,1,4544
949,1,4642
950,1,4803
951,1,4876
952,1,4989
953,1,5179
954,1,5327
955,1,5442
956,1,5597
957,1,5735
958,1,5907
959,1,6074
960,1,6229
961,1,6349
962,1,6450
963,1,6511
964,1,6591
965,1,6676
966,1,6672
967,1,6582
968,1,6495
969,1,6367
970,1,6210
971,1,6069
972,1,5944
973,1,5631
974,1,5350
975,1,5031
976,1,4741
977,1,4481
978,1,4202
979,1,4002
980,1,3768
981,1,3604
982,1,3466
983,1,3311
984,1,3165
985,1,3005
986,1,2961
987,1,2827
988,1,2796
989,1,2701
990,1,2650
991,1,2599
992,1,2536
993,1,2494
994,1,2458
995,1,2392
996,1,2345
997,1,2301
998,1,2222
999,1,2245
1000,1,2191
1001,1,2161
1002,1,2152
1003,1,2088
1004,1,2039
1005,1,1988
1006,1,1954
1007,1,1928
1008,1,1895
1009,1,1827
1010,1,1797
1011,1,1772
1012,1,1732
1013,1,1701
1014,1,1684
1015,1,1656
1016,1,1650
1017,1,1619
1018,1,1652
1019,1,1559
1020,1,1599
1021,1,1582
1022,1,1544
1023,1,1559
1024,1,1562
1025,1,1565
1026,1,1526
1027,1,1486
1028,1,1509
1029,1,1487
1030,1,1490
1031,1,1460
1032,1,1488
1033,1,1473
1034,1,1492
1035,1,1456
1036,1,1463
1037,1,1447
1038,1,1478
1039,1,1420
1040,1,1456
1041,1,1428
1042,1,1435
1043,1,1401
1044,1,1424
1045,1,1420
1046,1,1397
1047,1,1387
1048,1,1400
1049,1,1406
1050,1,1373
1051,1,1392
1052,1,1365
1053,1,1372
1054,1,1369
1055,1,1408
1056,1,1374
1057,1,1396
1058,1,1400
1059,1,1391
1060,1,1425
1061,1,1404
1062,1,1403
1063,1,1410
1064,1,1399
1065,1,1407
1066,1,1379
1067,1,1388
1068,1,1388
1069,1,1375
1070,1,1428
1071,1,1402
1072,1,1426
1073,1,1406
1074,1,1437
1075,1,1395
1076,1,1385
1077,1,1390
1078,1,1388
1079,1,1362
1080,1,1404
1081,1,1381
1082,1,1377
1083,1,1406
1084,1,1413
1085,1,1393
1086,1,1388
1087,1,1383
1088,1,1391
1089,1,1378
1090,1,1359
1091,1,1382
1092,1,1367
1093,1,1382
1094,1,1350
1095,1,1348
1096,1,1406
1097,1,1370
1098,1,1401
1099,1,1375
1100,1,1356
1101,1,1363
1102,1,1323
1103,1,1368
1104,1,1341
1105,1,1328
1106,1,1322
1107,1,1342
1108,1,1349
1109,1,1322
1110,1,1341
1111,1,1359
1112,1,1332
1113,1,1317
1114,1,1309
1115,1,1329
1116,1,1322
1117,1,1330
1118,1,1291
1119,1,1306
1120,1,1331
1121,1,1315
1122,1,1306
1123,1,1319
1124,1,1308
1125,1,1313
1126,1,1322
1127,1,1321
1128,1,1339
1129,1,1297
1130,1,1320
1131,1,1295
1132,1,1322
1133,1,1289
1134,1,1309
1135,1,1329
1136,1,1301
1137,1,1348
1138,1,1291
1139,1,1325
1140,1,1325
1141,1,1304
1142,1,1315
1143,1,1300
1144,1,1308
1145,1,1306
1146,1,1318
1147,1,1299
1148,1,1314
1149,1,1315
1150,1,1342
1151,1,1316
1152,1,1309
1153,1,1331
1154,1,1329
1155,1,1325
1156,1,1319
1157,1,1321
1158,1,1315
1159,1,1335
1160,1,1309
1161,1,1319
1162,1,1310
1163,1,1297
1164,1,1306
1165,1,1312
1166,1,1297
1167,1,1330
1168,1,1323
1169,1,1317
1170,1,1313
1171,1,1314
1172,1,1319
1173,1,1317
1174,1,1318
1175,1,1322
1176,1,1285
1177,1,1349
1178,1,1314
1179,1,1311
1180,1,1318
1181,1,1300
1182,1,1292
1183,1,1322
1184,1,1285
1185,1,1316
1186,1,1300
1187,1,1315
1188,1,1298
1189,1,1300
1190,1,1335
1191,1,1306
1192,1,1322
1193,1,1304
1194,1,1312
1195,1,1315
1196,1,1299
1197,1,1315
1198,1,1296
1199,1,1310
1200,1,1292
1201,1,1302
1202,1,1339
1203,1,1321
1204,1,1325
1205,1,1307
1206,1,1339
1207,1,1308
1208,1,1320
1209,1,1335
1210,1,1313
1211,1,1340
1212,1,1299
1213,1,1316
1214,1,1293
1215,1,1341
1216,1,1333
1217,1,1344
1218,1,1351
1219,1,1327
1220,1,1337
1221,1,1337
1222,1,1368
1223,1,1350
1224,1,1361
1225,1,1362
1226,1,1326
1227,1,1341
1228,1,1355
1229,1,1366
1230,1,1362
1231,1,1354
1232,1,1323
1233,1,1369
1234,1,1356
1235,1,1351
1236,1,1379
1237,1,1357
1238,1,1360
1239,1,1372
1240,1,1394
1241,1,1382
1242,1,1392
1243,1,1394
1244,1,1385
1245,1,1364
1246,1,1372
1247,1,1342
1248,1,1344
1249,1,1358
1250,1,1369
1251,1,1393
1252,1,1359
1253,1,1330
1254,1,1340
1255,1,1383
1256,1,1349
1257,1,1345
1258,1,1370
1259,1,1354
1260,1,1319
1261,1,1318
1262,1,1311
1263,1,1358
1264,1,1333
1265,1,1361
1266,1,1365
1267,1,1368
1268,1,1328
1269,1,1332
1270,1,1332
1271,1,1353
1272,1,1336
1273,1,1300
1274,1,1337
1275,1,1341
1276,1,1342
1277,1,1359
1278,1,1349
1279,1,1326
1280,1,1339
1281,1,1325
1282,1,1331
1283,1,1349
1284,1,1311
1285,1,1314
1286,1,1323
1287,1,1344
1288,1,1353
1289,1,1365
1290,1,1344
1291,1,1352
1292,1,1362
1293,1,1341
1294,1,1309
1295,1,1356
1296,1,1322
1297,1,1350
1298,1,1331
1299,1,1348
1300,1,1323
1301,1,1331
1302,1,1357
1303,1,1343
1304,1,1342
1305,1,1336
1306,1,1337
1307,1,1343
1308,1,1338
1309,1,1350
1310,1,1316
1311,1,1357
1312,1,1336
1313,1,1341
1314,1,1350
1315,1,1332
1316,1,1338
1317,1,1317
1318,1,1348
1319,1,1375
1320,1,1332
1321,1,1340
1322,1,1356
1323,1,1343
1324,1,1344
1325,1,1354
1326,1,1345
1327,1,1332
1328,1,1337
1329,1,1354
1330,1,1364
1331,1,1344
1332,1,1343
1333,1,1337
1334,1,1347
1335,1,1308
1336,1,1336
1337,1,1372
1338,1,1341
1339,1,1328
1340,1,1353
