1,1,12250
2,1,12404
3,1,12489
4,1,12515
5,1,12541
6,1,12530
7,1,12504
8,1,12535
9,1,12486
10,1,12459
11,1,12458
12,1,12471
13,1,12419
14,1,12444
15,1,12423
16,1,12459
17,1,12462
18,1,12453
19,1,12473
20,1,12438
21,1,12469
22,1,12440
23,1,12467
24,1,12457
25,1,12456
26,1,12459
27,1,12495
28,1,12498
29,1,12479
30,1,12486
31,1,12475
32,1,12513
33,1,12528
34,1,12510
35,1,12524
36,1,12544
37,1,12525
38,1,12523
39,1,12522
40,1,12575
41,1,12573
42,1,12548
43,1,12579
44,1,12555
45,1,12588
46,1,12563
47,1,12573
48,1,12538
49,1,12589
50,1,12580
51,1,12555
52,1,12563
53,1,12575
54,1,12595
55,1,12606
56,1,12538
57,1,12569
58,1,12600
59,1,12601
60,1,12605
61,1,12643
62,1,12610
63,1,12589
64,1,12621
65,1,12596
66,1,12610
67,1,12584
68,1,12615
69,1,12572
70,1,12563
71,1,12573
72,1,12604
73,1,12633
74,1,12603
75,1,12568
76,1,12586
77,1,12594
78,1,12618
79,1,12617
80,1,12602
81,1,12623
82,1,12617
83,1,13201
84,1,13324
85,1,13509
86,1,13630
87,1,12747
88,1,12771
89,1,12789
90,1,12780
91,1,12804
92,1,12643
93,1,12611
94,1,12624
95,1,12659
96,1,12594
97,1,12599
98,1,12618
99,1,12623
100,1,12622
101,1,12571
102,1,12615
103,1,12575
104,1,12547
105,1,12557
106,1,12571
107,1,12578
108,1,12562
109,1,12542
110,1,12578
111,1,12581
112,1,12567
113,1,12560
114,1,12572
115,1,12564
116,1,12572
117,1,12545
118,1,12579
119,1,12560
120,1,12558
121,1,12527
122,1,12574
123,1,12575
124,1,12581
125,1,12572
126,1,12635
127,1,12635
128,1,12563
129,1,12597
130,1,12563
131,1,12576
132,1,12549
133,1,12538
134,1,12583
135,1,12593
136,1,12594
137,1,12621
138,1,12548
139,1,12569
140,1,12271
141,1,12565
142,1,12517
143,1,12596
144,1,12578
145,1,12568
146,1,12606
147,1,12612
148,1,12587
149,1,12569
150,1,12605
151,1,12597
152,1,12553
153,1,12552
154,1,12575
155,1,12559
156,1,12524
157,1,12576
158,1,12566
159,1,12555
160,1,12557
161,1,12530
162,1,12551
163,1,12573
164,1,12573
165,1,12529
166,1,12585
167,1,12595
168,1,12606
169,1,12588
170,1,12614
171,1,12588
172,1,12592
173,1,12582
174,1,12614
175,1,12610
176,1,12606
177,1,12607
178,1,12600
179,1,12592
180,1,12568
181,1,12561
182,1,12579
183,1,12555
184,1,12577
185,1,12575
186,1,12625
187,1,12595
188,1,12596
189,1,12608
190,1,12626
191,1,12830
192,1,12939
193,1,13039
194,1,13118
195,1,13040
196,1,12907
197,1,12842
198,1,12581
199,1,12554
200,1,12613
201,1,12613
202,1,12616
203,1,12605
204,1,12599
205,1,12600
206,1,12576
207,1,12606
208,1,12616
209,1,12630
210,1,12642
211,1,12631
212,1,12629
213,1,12664
214,1,12634
215,1,12627
216,1,12658
217,1,12613
218,1,12610
219,1,12606
220,1,12636
221,1,12645
222,1,12625
223,1,12618
224,1,12646
225,1,12635
226,1,12623
227,1,12637
228,1,12617
229,1,12639
230,1,12630
231,1,12654
232,1,12636
233,1,12594
234,1,12645
235,1,12620
236,1,12633
237,1,12625
238,1,12629
239,1,12639
240,1,12658
241,1,12683
242,1,12643
243,1,12646
244,1,12657
245,1,12688
246,1,12648
247,1,12648
248,1,12661
249,1,12651
250,1,12626
251,1,12624
252,1,12652
253,1,12639
254,1,12629
255,1,12654
256,1,12669
257,1,12645
258,1,12649
259,1,12673
260,1,12733
261,1,12650
262,1,12714
263,1,12694
264,1,12681
265,1,12680
266,1,12681
267,1,12686
268,1,12700
269,1,12711
270,1,12700
271,1,12738
272,1,12718
273,1,12755
274,1,12731
275,1,12731
276,1,12736
277,1,12731
278,1,12715
279,1,12743
280,1,12735
281,1,12732
282,1,12711
283,1,12718
284,1,12727
285,1,12782
286,1,12789
287,1,12732
288,1,12739
289,1,12678
290,1,12627
291,1,12742
292,1,12721
293,1,12767
294,1,12779
295,1,12633
296,1,12748
297,1,12724
298,1,12731
299,1,12730
300,1,12702
301,1,12704
302,1,12679
303,1,12690
304,1,12710
305,1,12685
306,1,12753
307,1,12716
308,1,12749
309,1,12769
310,1,12769
311,1,12782
312,1,12785
313,1,12751
314,1,12805
315,1,12814
316,1,12784
317,1,12780
318,1,12811
319,1,12821
320,1,12887
321,1,12919
322,1,13060
323,1,13224
324,1,13324
325,1,13556
326,1,13574
327,1,13590
328,1,13600
329,1,13444
330,1,13276
331,1,13157
332,1,12976
333,1,12878
334,1,12831
335,1,12733
336,1,12763
337,1,12749
338,1,12733
339,1,12746
340,1,12728
341,1,12714
342,1,12717
343,1,12702
344,1,12732
345,1,12712
346,1,12726
347,1,12731
348,1,12697
349,1,12701
350,1,12704
351,1,12717
352,1,12736
353,1,12734
354,1,12743
355,1,12744
356,1,12739
357,1,12722
358,1,12705
359,1,12701
360,1,12862
361,1,12796
362,1,12800
363,1,12751
364,1,12735
365,1,12725
366,1,12725
367,1,12714
368,1,12727
369,1,12781
370,1,12750
371,1,12723
372,1,12826
373,1,12828
374,1,12801
375,1,12697
376,1,12746
377,1,12759
378,1,12752
379,1,12716
380,1,12746
381,1,12727
382,1,12703
383,1,12742
384,1,12749
385,1,12756
386,1,12748
387,1,12734
388,1,12749
389,1,12765
390,1,12728
391,1,12751
392,1,12726
393,1,12728
394,1,12777
395,1,12799
396,1,12780
397,1,12773
398,1,12795
399,1,12705
400,1,12736
401,1,12762
402,1,12779
403,1,12822
404,1,12770
405,1,12794
406,1,12775
407,1,12766
408,1,12807
409,1,12781
410,1,12813
411,1,12806
412,1,12811
413,1,12808
414,1,12855
415,1,12801
416,1,12886
417,1,12818
418,1,12805
419,1,12783
420,1,12844
421,1,12810
422,1,12774
423,1,13191
424,1,13029
425,1,12906
426,1,12787
427,1,12788
428,1,12769
429,1,12781
430,1,12823
431,1,12821
432,1,12855
433,1,12799
434,1,12838
435,1,12801
436,1,12777
437,1,12827
438,1,12773
439,1,12770
440,1,12794
441,1,12803
442,1,12808
443,1,12806
444,1,12803
445,1,12780
446,1,12787
447,1,12800
448,1,12794
449,1,12749
450,1,12814
451,1,12769
452,1,12779
453,1,12773
454,1,12776
455,1,12794
456,1,12805
457,1,12790
458,1,12763
459,1,12801
460,1,12821
461,1,12781
462,1,12769
463,1,12762
464,1,12775
465,1,12731
466,1,12762
467,1,12777
468,1,12773
469,1,12777
470,1,12734
471,1,12806
472,1,12777
473,1,12786
474,1,12790
475,1,12756
476,1,12801
477,1,12812
478,1,12819
479,1,12802
480,1,12812
481,1,12797
482,1,12849
483,1,12801
484,1,12789
485,1,12792
486,1,12816
487,1,12791
488,1,12790
489,1,12788
490,1,12798
491,1,12927
492,1,12863
493,1,12805
494,1,12743
495,1,12769
496,1,12769
497,1,12828
498,1,12825
499,1,12760
500,1,12801
501,1,12803
502,1,12813
503,1,13097
504,1,13097
505,1,13078
506,1,13069
507,1,12837
508,1,12800
509,1,12779
510,1,12819
511,1,12837
512,1,12831
513,1,12875
514,1,12832
515,1,12862
516,1,12862
517,1,12878
518,1,12866
519,1,12838
520,1,12856
521,1,12862
522,1,12828
523,1,12862
524,1,12817
525,1,12863
526,1,12832
527,1,12851
528,1,12828
529,1,12829
530,1,12853
531,1,12828
532,1,12851
533,1,12871
534,1,12848
535,1,12818
536,1,12802
537,1,12863
538,1,12815
539,1,12875
540,1,12824
541,1,12899
542,1,12853
543,1,12905
544,1,12889
545,1,12911
546,1,12841
547,1,12874
548,1,12845
549,1,12859
550,1,12872
551,1,12875
552,1,12857
553,1,12855
554,1,12877
555,1,12870
556,1,12895
557,1,12858
558,1,12871
559,1,12818
560,1,12835
561,1,12855
562,1,12855
563,1,12838
564,1,12854
565,1,12851
566,1,12870
567,1,12854
568,1,12857
569,1,12865
570,1,12887
571,1,12842
572,1,12890
573,1,12890
574,1,12901
575,1,12895
576,1,12882
577,1,12893
578,1,12883
579,1,12886
580,1,12946
581,1,12895
582,1,12930
583,1,12930
584,1,12924
585,1,12887
586,1,12947
587,1,12922
588,1,12984
589,1,12967
590,1,12927
591,1,12932
592,1,12921
593,1,12966
594,1,13615
595,1,13428
596,1,13211
597,1,13001
598,1,12938
599,1,12963
600,1,12942
601,1,13001
602,1,13000
603,1,13001
604,1,13062
605,1,13026
606,1,12998
607,1,13023
608,1,13039
609,1,13025
610,1,13011
611,1,13058
612,1,13080
613,1,13067
614,1,13099
615,1,13046
616,1,13059
617,1,13078
618,1,13120
619,1,13094
620,1,13096
621,1,13113
622,1,13116
623,1,13194
624,1,13188
625,1,13212
626,1,13171
627,1,13238
628,1,13203
629,1,13263
630,1,13268
631,1,13312
632,1,13284
633,1,13327
634,1,13229
635,1,13221
636,1,13297
637,1,13264
638,1,13269
639,1,13208
640,1,13198
641,1,13185
642,1,13188
643,1,13180
644,1,13165
645,1,13148
646,1,13133
647,1,13133
648,1,13091
649,1,13079
650,1,13076
651,1,13060
652,1,13030
653,1,13018
654,1,13033
655,1,13060
656,1,13052
657,1,13063
658,1,13050
659,1,13047
660,1,13048
661,1,13044
662,1,13053
663,1,13059
664,1,13037
665,1,13167
666,1,13150
667,1,13140
668,1,13034
669,1,13039
670,1,13086
671,1,13085
672,1,13067
673,1,13061
674,1,13048
675,1,13019
676,1,13021
677,1,13062
678,1,13057
679,1,13045
680,1,13037
681,1,13118
682,1,13241
683,1,13051
684,1,13014
685,1,13030
686,1,13049
687,1,13069
688,1,13008
689,1,13062
690,1,13014
691,1,13014
692,1,13008
693,1,13010
694,1,13059
695,1,13023
696,1,13024
697,1,13004
698,1,12975
699,1,13040
700,1,13009
701,1,13035
702,1,13045
703,1,13038
704,1,13052
705,1,13048
706,1,13029
707,1,13024
708,1,13028
709,1,12999
710,1,13018
711,1,13005
712,1,13024
713,1,13027
714,1,13061
715,1,13021
716,1,13033
717,1,13030
718,1,13107
719,1,13081
720,1,13131
721,1,13059
722,1,13049
723,1,13050
724,1,13075
725,1,13038
726,1,13043
727,1,13057
728,1,13072
729,1,13090
730,1,13085
731,1,13055
732,1,13033
733,1,13102
734,1,13088
735,1,13055
736,1,13097
737,1,13053
738,1,13080
739,1,13097
740,1,13102
741,1,13085
742,1,13056
743,1,13070
744,1,13060
745,1,13043
746,1,13082
747,1,13057
748,1,13093
749,1,13076
750,1,13040
751,1,13060
752,1,13041
753,1,13071
754,1,13052
755,1,13104
756,1,13030
757,1,13087
758,1,13027
759,1,13018
760,1,13044
761,1,13032
762,1,13051
763,1,13060
764,1,13028
765,1,13074
766,1,13018
767,1,13043
768,1,13064
769,1,13060
770,1,13062
771,1,13039
772,1,13041
773,1,13029
774,1,13057
775,1,13026
776,1,13050
777,1,13016
778,1,13043
779,1,13046
780,1,13009
781,1,12985
782,1,13059
783,1,13012
784,1,13051
785,1,13070
786,1,13038
787,1,13073
788,1,13222
789,1,13241
790,1,13267
791,1,13213
792,1,13084
793,1,13065
794,1,13060
795,1,13036
796,1,13025
797,1,13053
798,1,13069
799,1,13092
800,1,13050
801,1,13099
802,1,13111
803,1,13079
804,1,13103
805,1,13103
806,1,13132
807,1,13104
808,1,13136
809,1,13104
810,1,13134
811,1,13113
812,1,13095
813,1,13110
814,1,13172
815,1,13183
816,1,13106
817,1,13132
818,1,13055
819,1,13108
820,1,13074
821,1,13096
822,1,13089
823,1,13055
824,1,13079
825,1,13045
826,1,13066
827,1,13078
828,1,13058
829,1,13046
830,1,13081
831,1,13074
832,1,13081
833,1,13078
834,1,13043
835,1,13090
836,1,13254
837,1,13374
838,1,13464
839,1,13629
840,1,13130
841,1,13112
842,1,13154
843,1,13091
844,1,13111
845,1,13124
846,1,13121
847,1,13138
848,1,13162
849,1,13113
850,1,13120
851,1,13126
852,1,13134
853,1,13144
854,1,13201
855,1,13147
856,1,13144
857,1,13194
858,1,13158
859,1,13158
860,1,13202
861,1,13186
862,1,13212
863,1,13224
864,1,13169
865,1,13162
866,1,13170
867,1,13208
868,1,13195
869,1,13198
870,1,13170
871,1,13178
872,1,13180
873,1,13207
874,1,13189
875,1,13182
876,1,13192
877,1,13227
878,1,13225
879,1,13209
880,1,13203
881,1,13250
882,1,13256
883,1,13227
884,1,13227
885,1,13220
886,1,13271
887,1,13279
888,1,13254
889,1,13237
890,1,13236
891,1,13189
892,1,13293
893,1,13272
894,1,13290
895,1,13220
896,1,13299
897,1,13342
898,1,13305
899,1,13324
900,1,13338
901,1,13307
902,1,13333
903,1,13348
904,1,13279
905,1,13305
906,1,13356
907,1,13297
908,1,13305
909,1,13308
910,1,13293
911,1,13333
912,1,13325
913,1,13299
914,1,13273
915,1,13314
916,1,13310
917,1,13338
918,1,13319
919,1,13326
920,1,13289
921,1,13362
922,1,13346
923,1,13355
924,1,13359
925,1,13405
926,1,13341
927,1,13378
928,1,13359
929,1,13318
930,1,13372
931,1,13335
932,1,13334
933,1,13331
934,1,13390
935,1,13339
936,1,13334
937,1,13330
938,1,13323
939,1,13298
940,1,13345
941,1,13300
942,1,13337
943,1,13338
944,1,13328
945,1,13376
946,1,13381
947,1,13318
948,1,13327
949,1,13306
950,1,13292
951,1,13302
952,1,13330
953,1,13343
954,1,13317
955,1,13319
956,1,13294
957,1,13261
958,1,13269
959,1,13283
960,1,13311
961,1,13306
962,1,13290
963,1,13272
964,1,13265
965,1,13285
966,1,13253
967,1,13283
968,1,13222
969,1,13291
970,1,13259
971,1,13272
972,1,13245
973,1,13306
974,1,13250
975,1,13320
976,1,13321
977,1,13256
978,1,13273
979,1,13266
980,1,13286
981,1,13283
982,1,13352
983,1,13314
984,1,13316
985,1,13309
986,1,13270
987,1,13324
988,1,13319
989,1,13377
990,1,13352
991,1,13369
992,1,13465
993,1,13419
994,1,13439
995,1,13456
996,1,13417
997,1,13444
998,1,13433
999,1,13384
1000,1,13421
1001,1,13484
1002,1,13477
1003,1,13459
1004,1,13420
1005,1,13496
1006,1,13527
1007,1,13533
1008,1,13669
1009,1,13542
1010,1,14193
1011,1,13574
1012,1,13692
1013,1,13517
1014,1,13485
1015,1,13436
1016,1,13433
1017,1,13460
1018,1,13454
1019,1,13441
1020,1,13478
1021,1,13408
1022,1,13404
1023,1,13381
1024,1,13383
1025,1,13376
1026,1,13335
1027,1,13370
1028,1,13318
1029,1,13311
1030,1,13273
1031,1,13297
1032,1,13308
1033,1,13302
1034,1,13338
1035,1,13310
1036,1,13335
1037,1,13303
1038,1,13326
1039,1,13302
1040,1,13296
1041,1,13336
1042,1,13323
1043,1,13362
1044,1,13341
1045,1,13329
1046,1,13303
1047,1,13316
1048,1,13317
1049,1,13279
1050,1,13337
1051,1,13300
1052,1,13331
1053,1,13297
1054,1,13283
1055,1,13308
1056,1,13324
1057,1,13302
1058,1,13308
1059,1,13324
1060,1,13353
1061,1,13318
1062,1,13310
1063,1,13271
1064,1,13322
1065,1,13315
1066,1,13281
1067,1,13286
1068,1,13292
1069,1,13239
1070,1,13287
1071,1,13306
1072,1,13290
1073,1,13388
1074,1,13343
1075,1,13332
1076,1,13347
1077,1,13324
1078,1,13339
1079,1,13307
1080,1,13332
1081,1,13342
1082,1,13353
1083,1,13328
1084,1,13320
1085,1,13232
1086,1,13304
1087,1,13275
1088,1,13349
1089,1,13333
1090,1,13347
1091,1,13343
1092,1,13365
1093,1,13355
1094,1,13305
1095,1,13332
1096,1,13301
1097,1,13345
1098,1,13297
1099,1,13328
1100,1,13288
1101,1,13336
1102,1,13304
1103,1,13355
1104,1,13366
1105,1,13427
1106,1,13449
1107,1,13331
1108,1,13348
1109,1,13362
1110,1,13344
1111,1,13347
1112,1,13495
1113,1,13518
1114,1,13529
1115,1,13357
1116,1,13297
1117,1,13329
1118,1,13351
1119,1,13282
1120,1,13335
1121,1,13424
1122,1,13431
1123,1,13443
1124,1,13338
1125,1,13369
1126,1,13382
1127,1,13299
1128,1,13319
1129,1,13314
1130,1,13346
1131,1,13299
1132,1,13330
1133,1,13373
1134,1,13324
1135,1,13369
1136,1,13350
1137,1,13345
1138,1,13351
1139,1,13349
1140,1,13313
1141,1,13324
1142,1,13340
1143,1,13365
1144,1,13326
1145,1,13313
1146,1,13284
1147,1,13314
1148,1,13321
1149,1,13369
1150,1,13329
1151,1,13307
1152,1,13333
1153,1,13337
1154,1,13375
1155,1,13367
1156,1,13355
1157,1,13321
1158,1,13356
1159,1,13298
1160,1,13380
1161,1,13381
1162,1,13408
1163,1,13313
1164,1,13360
1165,1,13334
1166,1,13373
1167,1,13371
1168,1,13372
1169,1,13416
1170,1,13393
1171,1,13373
1172,1,13386
1173,1,13392
1174,1,13322
1175,1,13338
1176,1,13315
1177,1,13396
1178,1,13377
1179,1,13373
1180,1,13404
1181,1,13351
1182,1,13411
1183,1,13307
1184,1,13348
1185,1,13333
1186,1,13371
1187,1,13354
1188,1,13380
1189,1,13376
1190,1,13394
1191,1,13361
1192,1,13378
1193,1,13367
1194,1,13396
1195,1,13385
1196,1,13384
1197,1,13382
1198,1,13381
1199,1,13367
1200,1,13391
1201,1,13356
1202,1,13368
1203,1,13365
1204,1,13360
1205,1,13367
1206,1,13390
1207,1,13382
1208,1,13415
1209,1,13380
1210,1,13419
1211,1,13395
1212,1,13341
1213,1,13363
1214,1,13354
1215,1,13408
1216,1,13407
1217,1,13447
1218,1,13373
1219,1,13397
1220,1,13417
1221,1,13385
1222,1,13376
1223,1,13380
1224,1,13389
1225,1,13397
1226,1,13388
1227,1,13347
1228,1,13370
1229,1,13401
1230,1,13386
1231,1,13389
1232,1,13386
1233,1,13433
1234,1,13401
1235,1,13454
1236,1,13414
1237,1,13392
1238,1,13358
1239,1,13386
1240,1,13327
1241,1,13404
1242,1,13412
1243,1,13443
1244,1,13450
1245,1,13511
1246,1,13413
1247,1,13396
1248,1,13395
1249,1,13425
1250,1,13377
1251,1,13391
1252,1,13411
1253,1,13383
1254,1,13393
1255,1,13432
1256,1,13403
1257,1,13366
1258,1,13403
1259,1,13399
1260,1,13396
1261,1,13438
1262,1,13388
1263,1,13410
1264,1,13518
1265,1,13498
1266,1,13447
1267,1,13454
1268,1,13425
1269,1,13410
1270,1,13432
1271,1,13449
1272,1,13433
1273,1,13401
1274,1,13435
1275,1,13347
1276,1,13395
1277,1,13422
1278,1,13465
1279,1,13476
1280,1,13421
1281,1,13450
1282,1,13460
1283,1,13437
1284,1,13432
1285,1,13404
1286,1,13369
1287,1,13466
1288,1,13408
1289,1,13427
1290,1,13400
1291,1,13462
1292,1,13421
1293,1,13430
1294,1,13453
1295,1,13479
1296,1,13457
1297,1,13491
1298,1,13496
1299,1,13451
1300,1,13441
1301,1,13437
1302,1,13448
1303,1,13417
1304,1,13428
1305,1,13411
1306,1,13450
1307,1,13463
1308,1,13441
1309,1,13450
1310,1,13446
1311,1,13431
1312,1,13451
1313,1,13474
1314,1,13460
1315,1,13487
1316,1,13478
1317,1,13502
1318,1,13460
1319,1,13472
1320,1,13477
1321,1,13449
1322,1,13497
1323,1,13539
1324,1,13531
1325,1,13565
1326,1,13505
1327,1,13542
1328,1,13495
1329,1,13549
1330,1,13558
1331,1,13488
1332,1,13561
1333,1,13560
1334,1,13561
1335,1,13525
1336,1,13604
1337,1,13569
1338,1,13591
1339,1,13593
1340,1,13649
