1,1,12108
2,1,12267
3,1,12342
4,1,12380
5,1,12403
6,1,12382
7,1,12361
8,1,12320
9,1,12289
10,1,12274
11,1,12274
12,1,12314
13,1,12277
14,1,12269
15,1,12284
16,1,12262
17,1,12288
18,1,12301
19,1,12300
20,1,12260
21,1,12266
22,1,12290
23,1,12318
24,1,12298
25,1,12278
26,1,12330
27,1,12316
28,1,12359
29,1,12326
30,1,12348
31,1,12373
32,1,12378
33,1,12380
34,1,12365
35,1,12374
36,1,12351
37,1,12368
38,1,12372
39,1,12421
40,1,12442
41,1,12428
42,1,12432
43,1,12458
44,1,12439
45,1,12467
46,1,12472
47,1,12465
48,1,12522
49,1,12509
50,1,12512
51,1,12521
52,1,12524
53,1,12544
54,1,12520
55,1,12518
56,1,12522
57,1,12573
58,1,12598
59,1,12564
60,1,12530
61,1,12586
62,1,12551
63,1,12589
64,1,12553
65,1,12547
66,1,12521
67,1,12547
68,1,12559
69,1,12541
70,1,12590
71,1,12562
72,1,12610
73,1,12610
74,1,12629
75,1,12644
76,1,12654
77,1,12714
78,1,12721
79,1,12752
80,1,12768
81,1,12782
82,1,12836
83,1,12806
84,1,12846
85,1,12789
86,1,12820
87,1,12830
88,1,12798
89,1,12737
90,1,12739
91,1,12692
92,1,12655
93,1,12613
94,1,12554
95,1,12563
96,1,12545
97,1,12527
98,1,12521
99,1,12473
100,1,12477
101,1,12446
102,1,12424
103,1,12472
104,1,12455
105,1,12436
106,1,12397
107,1,12363
108,1,12419
109,1,12429
110,1,12421
111,1,12394
112,1,12401
113,1,12393
114,1,12431
115,1,12405
116,1,12382
117,1,12402
118,1,12413
119,1,12416
120,1,12379
121,1,12370
122,1,12424
123,1,12432
124,1,12435
125,1,12501
126,1,12420
127,1,12416
128,1,12402
129,1,12395
130,1,12389
131,1,12387
132,1,12399
133,1,12366
134,1,12395
135,1,12388
136,1,12383
137,1,12397
138,1,12371
139,1,12377
140,1,12120
141,1,12424
142,1,12356
143,1,12376
144,1,12378
145,1,12374
146,1,12413
147,1,12402
148,1,12348
149,1,12380
150,1,12386
151,1,12390
152,1,12356
153,1,12397
154,1,12396
155,1,12377
156,1,12352
157,1,12405
158,1,12401
159,1,12407
160,1,12384
161,1,12380
162,1,12384
163,1,12390
164,1,12385
165,1,12397
166,1,12394
167,1,12434
168,1,12377
169,1,12417
170,1,12383
171,1,12404
172,1,12384
173,1,12373
174,1,12397
175,1,12386
176,1,12397
177,1,12423
178,1,12404
179,1,12401
180,1,12415
181,1,12393
182,1,12418
183,1,12412
184,1,12408
185,1,12401
186,1,12426
187,1,12374
188,1,12392
189,1,12422
190,1,12404
191,1,12398
192,1,12412
193,1,12430
194,1,12440
195,1,12446
196,1,12432
197,1,12462
198,1,12483
199,1,12474
200,1,12461
201,1,12440
202,1,12430
203,1,12424
204,1,12405
205,1,12452
206,1,12476
207,1,12461
208,1,12466
209,1,12456
210,1,12495
211,1,12441
212,1,12449
213,1,12480
214,1,12463
215,1,12459
216,1,12460
217,1,12419
218,1,12456
219,1,12513
220,1,12451
221,1,12508
222,1,12503
223,1,12514
224,1,12489
225,1,12489
226,1,12454
227,1,12496
228,1,12482
229,1,12450
230,1,12446
231,1,12487
232,1,12462
233,1,12463
234,1,12476
235,1,12448
236,1,12468
237,1,12469
238,1,12499
239,1,12444
240,1,12489
241,1,12502
242,1,12516
243,1,12515
244,1,12483
245,1,12496
246,1,12498
247,1,12498
248,1,12498
249,1,12479
250,1,12521
251,1,12538
252,1,12484
253,1,12546
254,1,12550
255,1,12580
256,1,12603
257,1,12577
258,1,12581
259,1,12595
260,1,12624
261,1,12627
262,1,12641
263,1,12672
264,1,12688
265,1,12671
266,1,12676
267,1,12711
268,1,12728
269,1,12760
270,1,12778
271,1,12794
272,1,12732
273,1,12762
274,1,12763
275,1,12778
276,1,12758
277,1,12727
278,1,12726
279,1,12674
280,1,12679
281,1,12675
282,1,12689
283,1,12635
284,1,12643
285,1,12640
286,1,12623
287,1,12615
288,1,12608
289,1,12637
290,1,12545
291,1,12594
292,1,12613
293,1,12624
294,1,12615
295,1,12509
296,1,12574
297,1,12594
298,1,12570
299,1,12598
300,1,12613
301,1,12571
302,1,12562
303,1,12563
304,1,12575
305,1,12587
306,1,12629
307,1,12626
308,1,12678
309,1,12654
310,1,12675
311,1,12713
312,1,12734
313,1,12699
314,1,12664
315,1,12708
316,1,12717
317,1,12710
318,1,12756
319,1,12768
320,1,12873
321,1,13001
322,1,13226
323,1,13652
324,1,14000
325,1,14309
326,1,14458
327,1,14535
328,1,14418
329,1,14249
330,1,13841
331,1,13498
332,1,13166
333,1,12839
334,1,12746
335,1,12678
336,1,12651
337,1,12606
338,1,12610
339,1,12599
340,1,12607
341,1,12589
342,1,12578
343,1,12565
344,1,12585
345,1,12574
346,1,12603
347,1,12608
348,1,12587
349,1,12573
350,1,12570
351,1,12589
352,1,12531
353,1,12582
354,1,12577
355,1,12558
356,1,12574
357,1,12584
358,1,12578
359,1,12568
360,1,12568
361,1,12529
362,1,12529
363,1,12559
364,1,12579
365,1,12553
366,1,12556
367,1,12565
368,1,12539
369,1,12578
370,1,12569
371,1,12574
372,1,12554
373,1,12529
374,1,12572
375,1,12555
376,1,12562
377,1,12593
378,1,12575
379,1,12566
380,1,12575
381,1,12553
382,1,12593
383,1,12578
384,1,12541
385,1,12600
386,1,12548
387,1,12510
388,1,12508
389,1,12560
390,1,12598
391,1,12593
392,1,12590
393,1,12646
394,1,12592
395,1,12650
396,1,12591
397,1,12605
398,1,12617
399,1,12604
400,1,12676
401,1,12655
402,1,12666
403,1,12652
404,1,12646
405,1,12672
406,1,12689
407,1,12671
408,1,12662
409,1,12649
410,1,12676
411,1,12676
412,1,12687
413,1,12681
414,1,12619
415,1,12614
416,1,12624
417,1,12652
418,1,12660
419,1,12658
420,1,12654
421,1,12657
422,1,12642
423,1,12581
424,1,12696
425,1,12627
426,1,12628
427,1,12680
428,1,12656
429,1,12656
430,1,12658
431,1,12594
432,1,12631
433,1,12609
434,1,12618
435,1,12580
436,1,12581
437,1,12622
438,1,12589
439,1,12575
440,1,12588
441,1,12572
442,1,12624
443,1,12569
444,1,12583
445,1,12600
446,1,12587
447,1,12564
448,1,12587
449,1,12595
450,1,12612
451,1,12555
452,1,12578
453,1,12568
454,1,12577
455,1,12580
456,1,12601
457,1,12587
458,1,12596
459,1,12592
460,1,12594
461,1,12601
462,1,12595
463,1,12572
464,1,12531
465,1,12548
466,1,12589
467,1,12576
468,1,12574
469,1,12611
470,1,12602
471,1,12580
472,1,12571
473,1,12518
474,1,12530
475,1,12560
476,1,12571
477,1,12592
478,1,12573
479,1,12564
480,1,12582
481,1,12579
482,1,12571
483,1,12807
484,1,12977
485,1,12821
486,1,12576
487,1,12582
488,1,12611
489,1,12584
490,1,12634
491,1,12599
492,1,12591
493,1,12591
494,1,12551
495,1,12597
496,1,12608
497,1,12534
498,1,12600
499,1,12582
500,1,12623
501,1,12642
502,1,12605
503,1,12631
504,1,12631
505,1,12652
506,1,12601
507,1,12590
508,1,12605
509,1,12623
510,1,12739
511,1,12646
512,1,12673
513,1,12629
514,1,12638
515,1,12653
516,1,12681
517,1,12653
518,1,12679
519,1,12669
520,1,12658
521,1,12687
522,1,12659
523,1,12700
524,1,12681
525,1,12709
526,1,12673
527,1,12717
528,1,12700
529,1,12665
530,1,12687
531,1,12651
532,1,12683
533,1,12680
534,1,12682
535,1,12625
536,1,12658
537,1,12677
538,1,12667
539,1,12679
540,1,12703
541,1,12692
542,1,12698
543,1,12707
544,1,12732
545,1,12704
546,1,12694
547,1,12674
548,1,12676
549,1,12653
550,1,12703
551,1,12690
552,1,12719
553,1,12667
554,1,12701
555,1,12658
556,1,12716
557,1,12709
558,1,12731
559,1,12687
560,1,12661
561,1,12678
562,1,12663
563,1,12651
564,1,12696
565,1,12723
566,1,12726
567,1,12721
568,1,12708
569,1,12732
570,1,12762
571,1,12740
572,1,12738
573,1,12724
574,1,12746
575,1,12705
576,1,12732
577,1,12751
578,1,12772
579,1,12821
580,1,12826
581,1,12825
582,1,12798
583,1,12805
584,1,12793
585,1,12825
586,1,12848
587,1,12845
588,1,12843
589,1,12852
590,1,12892
591,1,12871
592,1,12865
593,1,12906
594,1,12864
595,1,12880
596,1,12953
597,1,12949
598,1,12951
599,1,12966
600,1,13027
601,1,13113
602,1,13134
603,1,13150
604,1,13198
605,1,13210
606,1,13224
607,1,13221
608,1,13223
609,1,13268
610,1,13376
611,1,13374
612,1,13477
613,1,13500
614,1,13538
615,1,13596
616,1,13647
617,1,13716
618,1,13814
619,1,13942
620,1,13965
621,1,13999
622,1,14089
623,1,14188
624,1,14242
625,1,14229
626,1,14263
627,1,14270
628,1,14209
629,1,14198
630,1,14148
631,1,14067
632,1,14025
633,1,13943
634,1,13833
635,1,13758
636,1,13712
637,1,13619
638,1,13498
639,1,13532
640,1,13449
641,1,13353
642,1,13322
643,1,13245
644,1,13239
645,1,13240
646,1,13215
647,1,13101
648,1,13135
649,1,13104
650,1,13095
651,1,13064
652,1,13078
653,1,13130
654,1,13034
655,1,13073
656,1,13020
657,1,13022
658,1,13072
659,1,13050
660,1,13041
661,1,13050
662,1,13029
663,1,13019
664,1,13047
665,1,13005
666,1,13022
667,1,13036
668,1,12993
669,1,13014
670,1,12998
671,1,13015
672,1,13030
673,1,13024
674,1,13014
675,1,12987
676,1,12937
677,1,12973
678,1,12914
679,1,12943
680,1,12911
681,1,12896
682,1,12883
683,1,12883
684,1,12885
685,1,12923
686,1,12929
687,1,12859
688,1,12913
689,1,12864
690,1,12884
691,1,12859
692,1,13501
693,1,13154
694,1,12877
695,1,12879
696,1,12869
697,1,12906
698,1,12855
699,1,12871
700,1,12892
701,1,12862
702,1,12866
703,1,12884
704,1,12859
705,1,12897
706,1,12896
707,1,12829
708,1,12876
709,1,12908
710,1,12889
711,1,12929
712,1,12956
713,1,12950
714,1,12960
715,1,12928
716,1,12982
717,1,13011
718,1,13005
719,1,12969
720,1,12960
721,1,12987
722,1,12948
723,1,12914
724,1,12903
725,1,12923
726,1,12933
727,1,12966
728,1,12910
729,1,12934
730,1,12879
731,1,12918
732,1,12894
733,1,12849
734,1,12870
735,1,12866
736,1,12858
737,1,12917
738,1,12905
739,1,12875
740,1,12860
741,1,12848
742,1,12856
743,1,12874
744,1,12898
745,1,12866
746,1,12825
747,1,12840
748,1,12870
749,1,13019
750,1,13102
751,1,13246
752,1,12825
753,1,12823
754,1,12817
755,1,12839
756,1,12853
757,1,12883
758,1,12848
759,1,12830
760,1,12837
761,1,12814
762,1,12830
763,1,12835
764,1,12833
765,1,12835
766,1,12847
767,1,12862
768,1,12885
769,1,12857
770,1,12833
771,1,12830
772,1,12876
773,1,12842
774,1,12829
775,1,12838
776,1,12818
777,1,12834
778,1,12875
779,1,12868
780,1,12830
781,1,12843
782,1,12833
783,1,12846
784,1,12838
785,1,12881
786,1,12906
787,1,12905
788,1,12904
789,1,12906
790,1,12956
791,1,12914
792,1,12966
793,1,12945
794,1,12975
795,1,13009
796,1,13006
797,1,13042
798,1,12995
799,1,13070
800,1,13088
801,1,13123
802,1,13065
803,1,13073
804,1,13048
805,1,13073
806,1,13064
807,1,13031
808,1,13015
809,1,13005
810,1,12997
811,1,12972
812,1,12928
813,1,12923
814,1,12969
815,1,12998
816,1,12913
817,1,12926
818,1,12908
819,1,12880
820,1,12841
821,1,12862
822,1,12853
823,1,12851
824,1,12865
825,1,12879
826,1,12842
827,1,12808
828,1,12826
829,1,12861
830,1,12825
831,1,12844
832,1,12856
833,1,12887
834,1,12829
835,1,12869
836,1,12851
837,1,12868
838,1,12849
839,1,12904
840,1,12943
841,1,12942
842,1,12944
843,1,12946
844,1,12957
845,1,12933
846,1,12937
847,1,12942
848,1,12999
849,1,12962
850,1,13025
851,1,13078
852,1,13061
853,1,13016
854,1,13020
855,1,13010
856,1,13017
857,1,12992
858,1,13001
859,1,13065
860,1,13055
861,1,13069
862,1,13075
863,1,13074
864,1,13048
865,1,13082
866,1,13058
867,1,13039
868,1,13045
869,1,13059
870,1,13090
871,1,13091
872,1,13128
873,1,13081
874,1,13134
875,1,13095
876,1,13100
877,1,13152
878,1,13155
879,1,13183
880,1,13196
881,1,13209
882,1,13179
883,1,13199
884,1,13259
885,1,13231
886,1,13286
887,1,13289
888,1,13300
889,1,13267
890,1,13343
891,1,13286
892,1,13397
893,1,13311
894,1,13323
895,1,13325
896,1,13377
897,1,13374
898,1,13350
899,1,13348
900,1,13393
901,1,13378
902,1,13402
903,1,13404
904,1,13446
905,1,13381
906,1,13436
907,1,13438
908,1,13450
909,1,13487
910,1,13496
911,1,13500
912,1,13520
913,1,13517
914,1,13512
915,1,13497
916,1,13526
917,1,13542
918,1,13573
919,1,13512
920,1,13479
921,1,13508
922,1,13449
923,1,13495
924,1,13476
925,1,13454
926,1,13431
927,1,13406
928,1,13411
929,1,13351
930,1,13386
931,1,13342
932,1,13356
933,1,13331
934,1,13359
935,1,13294
936,1,13339
937,1,13321
938,1,13350
939,1,13354
940,1,13286
941,1,13302
942,1,13315
943,1,13324
944,1,13267
945,1,13249
946,1,13321
947,1,13297
948,1,13266
949,1,13285
950,1,13228
951,1,13223
952,1,13205
953,1,13169
954,1,13140
955,1,13143
956,1,13099
957,1,13076
958,1,13111
959,1,13081
960,1,13067
961,1,13037
962,1,13083
963,1,13065
964,1,13005
965,1,13061
966,1,13067
967,1,13056
968,1,13017
969,1,13091
970,1,13050
971,1,13077
972,1,13097
973,1,13143
974,1,13111
975,1,13111
976,1,13108
977,1,13508
978,1,13285
979,1,13153
980,1,13179
981,1,13157
982,1,13198
983,1,13257
984,1,13229
985,1,13222
986,1,13264
987,1,13281
988,1,13347
989,1,13335
990,1,13385
991,1,13393
992,1,13432
993,1,13427
994,1,13495
995,1,13518
996,1,13554
997,1,13565
998,1,13540
999,1,13559
1000,1,13573
1001,1,13564
1002,1,13583
1003,1,13598
1004,1,13594
1005,1,13579
1006,1,13535
1007,1,13499
1008,1,13582
1009,1,13520
1010,1,14134
1011,1,13475
1012,1,13534
1013,1,13305
1014,1,13338
1015,1,13258
1016,1,13188
1017,1,13191
1018,1,13173
1019,1,13172
1020,1,13145
1021,1,13107
1022,1,13144
1023,1,13099
1024,1,13082
1025,1,13068
1026,1,13057
1027,1,13038
1028,1,13062
1029,1,13048
1030,1,13045
1031,1,13026
1032,1,13049
1033,1,13043
1034,1,13042
1035,1,12997
1036,1,13031
1037,1,13058
1038,1,13039
1039,1,13002
1040,1,13022
1041,1,13062
1042,1,13019
1043,1,13033
1044,1,13026
1045,1,13049
1046,1,13080
1047,1,13065
1048,1,13044
1049,1,13032
1050,1,13027
1051,1,13036
1052,1,12994
1053,1,13018
1054,1,12986
1055,1,13025
1056,1,13016
1057,1,13033
1058,1,12999
1059,1,13022
1060,1,13008
1061,1,13029
1062,1,13027
1063,1,13045
1064,1,13054
1065,1,13042
1066,1,13013
1067,1,12994
1068,1,12959
1069,1,12994
1070,1,12978
1071,1,13045
1072,1,13016
1073,1,13036
1074,1,12989
1075,1,12968
1076,1,13004
1077,1,12988
1078,1,13005
1079,1,12967
1080,1,12983
1081,1,12974
1082,1,12975
1083,1,12992
1084,1,12972
1085,1,12969
1086,1,12983
1087,1,12949
1088,1,12983
1089,1,12951
1090,1,13004
1091,1,13021
1092,1,13033
1093,1,13017
1094,1,12951
1095,1,12953
1096,1,12955
1097,1,12927
1098,1,12994
1099,1,12986
1100,1,12984
1101,1,12959
1102,1,12971
1103,1,12991
1104,1,12949
1105,1,12978
1106,1,12947
1107,1,12974
1108,1,12956
1109,1,12932
1110,1,12962
1111,1,12953
1112,1,12986
1113,1,12941
1114,1,12956
1115,1,12992
1116,1,12969
1117,1,12911
1118,1,12950
1119,1,12914
1120,1,12928
1121,1,12932
1122,1,12934
1123,1,12906
1124,1,12934
1125,1,12937
1126,1,12948
1127,1,12947
1128,1,12940
1129,1,12932
1130,1,12937
1131,1,12997
1132,1,12945
1133,1,12955
1134,1,12957
1135,1,12953
1136,1,12938
1137,1,12944
1138,1,12935
1139,1,12873
1140,1,12925
1141,1,12936
1142,1,12950
1143,1,12909
1144,1,12935
1145,1,12886
1146,1,12913
1147,1,12928
1148,1,12932
1149,1,12893
1150,1,12899
1151,1,12911
1152,1,12874
1153,1,12914
1154,1,12893
1155,1,12928
1156,1,12940
1157,1,12977
1158,1,12946
1159,1,12912
1160,1,12875
1161,1,12917
1162,1,12909
1163,1,12927
1164,1,12927
1165,1,12950
1166,1,12924
1167,1,12956
1168,1,12946
1169,1,12952
1170,1,12932
1171,1,12913
1172,1,12926
1173,1,12956
1174,1,12932
1175,1,12942
1176,1,12950
1177,1,12956
1178,1,12917
1179,1,12957
1180,1,12944
1181,1,12991
1182,1,12976
1183,1,12982
1184,1,12949
1185,1,12919
1186,1,12936
1187,1,12896
1188,1,12909
1189,1,12963
1190,1,12940
1191,1,12945
1192,1,12944
1193,1,12944
1194,1,12911
1195,1,12940
1196,1,12939
1197,1,12992
1198,1,12924
1199,1,12980
1200,1,12922
1201,1,12898
1202,1,12909
1203,1,12957
1204,1,12971
1205,1,12933
1206,1,12938
1207,1,12954
1208,1,12945
1209,1,12938
1210,1,12863
1211,1,12968
1212,1,12928
1213,1,12920
1214,1,12915
1215,1,12905
1216,1,12911
1217,1,12894
1218,1,12952
1219,1,12903
1220,1,12944
1221,1,12961
1222,1,12968
1223,1,12967
1224,1,12918
1225,1,12952
1226,1,12938
1227,1,12895
1228,1,12917
1229,1,12945
1230,1,12987
1231,1,12948
1232,1,12926
1233,1,12929
1234,1,12938
1235,1,12957
1236,1,12925
1237,1,12952
1238,1,12952
1239,1,12892
1240,1,12928
1241,1,12922
1242,1,12977
1243,1,12929
1244,1,12966
1245,1,12968
1246,1,12972
1247,1,12912
1248,1,12913
1249,1,12940
1250,1,12957
1251,1,12953
1252,1,12946
1253,1,12920
1254,1,12984
1255,1,12988
1256,1,12979
1257,1,12958
1258,1,12926
1259,1,12959
1260,1,12912
1261,1,12951
1262,1,12970
1263,1,12945
1264,1,12937
1265,1,12929
1266,1,12929
1267,1,12930
1268,1,12966
1269,1,12979
1270,1,12981
1271,1,12975
1272,1,12959
1273,1,12934
1274,1,12941
1275,1,12999
1276,1,12993
1277,1,12976
1278,1,12982
1279,1,12992
1280,1,12952
1281,1,12984
1282,1,12966
1283,1,12941
1284,1,12961
1285,1,13008
1286,1,12872
1287,1,12975
1288,1,12930
1289,1,12993
1290,1,12972
1291,1,12956
1292,1,12936
1293,1,12938
1294,1,12990
1295,1,12963
1296,1,12995
1297,1,13001
1298,1,13000
1299,1,12971
1300,1,12959
1301,1,13021
1302,1,12995
1303,1,12960
1304,1,12987
1305,1,12956
1306,1,12964
1307,1,12960
1308,1,13016
1309,1,13017
1310,1,13027
1311,1,12960
1312,1,13029
1313,1,12965
1314,1,13019
1315,1,13036
1316,1,13004
1317,1,13012
1318,1,13037
1319,1,13015
1320,1,13014
1321,1,12994
1322,1,13011
1323,1,13028
1324,1,13028
1325,1,13057
1326,1,13091
1327,1,13103
1328,1,13092
1329,1,13037
1330,1,13095
1331,1,13035
1332,1,13023
1333,1,13062
1334,1,13060
1335,1,13061
1336,1,13084
1337,1,13070
1338,1,13101
1339,1,13076
1340,1,13161
