1,1,12002
2,1,12309
3,1,12369
4,1,12351
5,1,12346
6,1,12322
7,1,12319
8,1,12296
9,1,12197
10,1,12246
11,1,12265
12,1,12252
13,1,12256
14,1,12649
15,1,12314
16,1,12289
17,1,12255
18,1,12282
19,1,12268
20,1,12240
21,1,12258
22,1,12306
23,1,12268
24,1,12213
25,1,12269
26,1,12297
27,1,12325
28,1,12334
29,1,12329
30,1,12285
31,1,12266
32,1,12307
33,1,12326
34,1,12346
35,1,12325
36,1,12344
37,1,12322
38,1,12379
39,1,12325
40,1,12385
41,1,12361
42,1,12370
43,1,12409
44,1,12364
45,1,12321
46,1,12343
47,1,12378
48,1,12373
49,1,12359
50,1,12383
51,1,12396
52,1,12391
53,1,12408
54,1,12403
55,1,12353
56,1,12390
57,1,12357
58,1,12384
59,1,12388
60,1,12384
61,1,12478
62,1,12368
63,1,12416
64,1,12401
65,1,12420
66,1,12399
67,1,12381
68,1,12396
69,1,12343
70,1,12408
71,1,12446
72,1,12387
73,1,12382
74,1,12368
75,1,12409
76,1,12371
77,1,12426
78,1,12431
79,1,12413
80,1,12416
81,1,12418
82,1,12467
83,1,12402
84,1,12465
85,1,12429
86,1,12514
87,1,12490
88,1,12494
89,1,12521
90,1,12478
91,1,12474
92,1,12497
93,1,12451
94,1,12385
95,1,12493
96,1,12488
97,1,12461
98,1,12451
99,1,12474
100,1,12468
101,1,12439
102,1,12406
103,1,12452
104,1,12428
105,1,12396
106,1,12363
107,1,12358
108,1,12316
109,1,12385
110,1,12377
111,1,12374
112,1,12363
113,1,12346
114,1,12338
115,1,12286
116,1,12361
117,1,12343
118,1,12357
119,1,12352
120,1,12341
121,1,12348
122,1,12418
123,1,12370
124,1,12366
125,1,12340
126,1,12397
127,1,12389
128,1,12371
129,1,12345
130,1,12342
131,1,12337
132,1,12343
133,1,12335
134,1,12340
135,1,12365
136,1,12341
137,1,12316
138,1,12308
139,1,12391
140,1,12026
141,1,12361
142,1,12309
143,1,12382
144,1,12314
145,1,12350
146,1,12305
147,1,12338
148,1,12317
149,1,12350
150,1,12351
151,1,12329
152,1,12385
153,1,12364
154,1,12359
155,1,12313
156,1,12339
157,1,12376
158,1,12359
159,1,12331
160,1,12328
161,1,12343
162,1,12297
163,1,12296
164,1,12326
165,1,12313
166,1,12377
167,1,12280
168,1,12315
169,1,12342
170,1,12383
171,1,12298
172,1,12338
173,1,12290
174,1,12333
175,1,12330
176,1,12368
177,1,12338
178,1,12358
179,1,12337
180,1,12379
181,1,12361
182,1,12357
183,1,12331
184,1,12300
185,1,12384
186,1,12352
187,1,12363
188,1,12291
189,1,12363
190,1,12341
191,1,12297
192,1,12390
193,1,12388
194,1,12357
195,1,12411
196,1,12417
197,1,12370
198,1,12321
199,1,12367
200,1,12401
201,1,12346
202,1,12372
203,1,12334
204,1,12266
205,1,12338
206,1,12336
207,1,12369
208,1,12420
209,1,12375
210,1,12383
211,1,12385
212,1,12365
213,1,12392
214,1,12375
215,1,12397
216,1,12402
217,1,12351
218,1,12295
219,1,12390
220,1,12396
221,1,12375
222,1,12360
223,1,12308
224,1,12358
225,1,12343
226,1,12370
227,1,12350
228,1,12366
229,1,12354
230,1,12408
231,1,12365
232,1,12346
233,1,12373
234,1,12347
235,1,12410
236,1,12367
237,1,12343
238,1,12379
239,1,12402
240,1,12404
241,1,12425
242,1,12382
243,1,12452
244,1,12365
245,1,12434
246,1,12362
247,1,12388
248,1,12413
249,1,12371
250,1,12360
251,1,12446
252,1,12383
253,1,12340
254,1,12427
255,1,12399
256,1,12361
257,1,12346
258,1,12397
259,1,12361
260,1,12408
261,1,12421
262,1,12413
263,1,12395
264,1,12464
265,1,12403
266,1,12396
267,1,12399
268,1,12412
269,1,12378
270,1,12407
271,1,12482
272,1,12449
273,1,12467
274,1,12454
275,1,12403
276,1,12483
277,1,12431
278,1,12435
279,1,12467
280,1,12445
281,1,12481
282,1,12511
283,1,12504
284,1,12428
285,1,12460
286,1,12506
287,1,12475
288,1,12480
289,1,12446
290,1,12385
291,1,12475
292,1,12441
293,1,12477
294,1,12485
295,1,12346
296,1,12464
297,1,12484
298,1,12462
299,1,12459
300,1,12393
301,1,12389
302,1,12447
303,1,12384
304,1,12389
305,1,12462
306,1,12475
307,1,12461
308,1,12459
309,1,12450
310,1,12374
311,1,12459
312,1,12483
313,1,12525
314,1,12486
315,1,12445
316,1,12577
317,1,12452
318,1,12492
319,1,12592
320,1,12526
321,1,12554
322,1,12657
323,1,12616
324,1,12684
325,1,12788
326,1,12879
327,1,13163
328,1,13249
329,1,13481
330,1,13542
331,1,13454
332,1,13457
333,1,13223
334,1,12999
335,1,12776
336,1,12637
337,1,12585
338,1,12478
339,1,12465
340,1,12508
341,1,12450
342,1,12475
343,1,12417
344,1,12464
345,1,12460
346,1,12461
347,1,12429
348,1,12435
349,1,12459
350,1,12470
351,1,12427
352,1,12384
353,1,12392
354,1,12455
355,1,12432
356,1,12480
357,1,12457
358,1,12407
359,1,12410
360,1,12404
361,1,12461
362,1,12451
363,1,12397
364,1,12409
365,1,12406
366,1,12371
367,1,12412
368,1,12396
369,1,12471
370,1,12500
371,1,12430
372,1,12410
373,1,12411
374,1,12423
375,1,12376
376,1,12382
377,1,12404
378,1,12421
379,1,12435
380,1,12412
381,1,12439
382,1,12510
383,1,12432
384,1,12413
385,1,12459
386,1,12411
387,1,12408
388,1,12400
389,1,12435
390,1,12438
391,1,12407
392,1,12532
393,1,12430
394,1,12461
395,1,12438
396,1,12502
397,1,12431
398,1,12452
399,1,12462
400,1,12456
401,1,12458
402,1,12465
403,1,12470
404,1,12461
405,1,12424
406,1,12478
407,1,12430
408,1,12480
409,1,12466
410,1,12465
411,1,12488
412,1,12479
413,1,12434
414,1,12465
415,1,12468
416,1,12512
417,1,12502
418,1,12472
419,1,12508
420,1,12510
421,1,12487
422,1,12473
423,1,12463
424,1,12520
425,1,12465
426,1,12494
427,1,12471
428,1,12456
429,1,12421
430,1,12468
431,1,12445
432,1,12513
433,1,12409
434,1,12502
435,1,12492
436,1,12451
437,1,12458
438,1,12449
439,1,12425
440,1,12408
441,1,12383
442,1,12460
443,1,12467
444,1,12429
445,1,12475
446,1,12438
447,1,12471
448,1,12424
449,1,12461
450,1,12471
451,1,12445
452,1,12446
453,1,12428
454,1,12460
455,1,12422
456,1,12443
457,1,12458
458,1,12431
459,1,12434
460,1,12401
461,1,12417
462,1,12452
463,1,12415
464,1,12513
465,1,12441
466,1,12410
467,1,12457
468,1,12433
469,1,12433
470,1,12474
471,1,12480
472,1,12411
473,1,12405
474,1,12478
475,1,12426
476,1,12454
477,1,12464
478,1,12421
479,1,12456
480,1,12436
481,1,12406
482,1,12449
483,1,12416
484,1,12445
485,1,12480
486,1,12427
487,1,12411
488,1,12459
489,1,12459
490,1,12495
491,1,12413
492,1,12447
493,1,12470
494,1,12366
495,1,12453
496,1,12395
497,1,12432
498,1,12417
499,1,12416
500,1,12433
501,1,12410
502,1,12450
503,1,12424
504,1,12438
505,1,12448
506,1,12435
507,1,12475
508,1,12419
509,1,12439
510,1,12455
511,1,12488
512,1,12499
513,1,12400
514,1,12464
515,1,12506
516,1,12493
517,1,12431
518,1,12415
519,1,12437
520,1,12451
521,1,12465
522,1,12475
523,1,12486
524,1,12488
525,1,12506
526,1,12497
527,1,12495
528,1,12456
529,1,12439
530,1,12462
531,1,12452
532,1,12475
533,1,12503
534,1,12523
535,1,12507
536,1,12451
537,1,12448
538,1,12458
539,1,12432
540,1,12488
541,1,12554
542,1,12513
543,1,12488
544,1,12508
545,1,12463
546,1,12442
547,1,12471
548,1,12448
549,1,12466
550,1,12464
551,1,12498
552,1,12457
553,1,12453
554,1,12424
555,1,12446
556,1,12526
557,1,12490
558,1,12490
559,1,12481
560,1,12442
561,1,12498
562,1,12477
563,1,12440
564,1,12479
565,1,12486
566,1,12451
567,1,12451
568,1,12452
569,1,12527
570,1,12487
571,1,12436
572,1,12521
573,1,12507
574,1,12534
575,1,12485
576,1,12525
577,1,12495
578,1,12488
579,1,12495
580,1,12541
581,1,12534
582,1,12479
583,1,12491
584,1,12524
585,1,12482
586,1,12545
587,1,12585
588,1,12619
589,1,12528
590,1,12537
591,1,12502
592,1,12511
593,1,12596
594,1,12532
595,1,12508
596,1,12517
597,1,12516
598,1,12509
599,1,12546
600,1,12548
601,1,12597
602,1,12597
603,1,12617
604,1,12581
605,1,12555
606,1,12598
607,1,12592
608,1,12575
609,1,12544
610,1,12560
611,1,12613
612,1,12628
613,1,12609
614,1,12629
615,1,12649
616,1,12658
617,1,12659
618,1,12659
619,1,12650
620,1,12664
621,1,12622
622,1,12704
623,1,12792
624,1,12715
625,1,12782
626,1,12719
627,1,12784
628,1,12824
629,1,12787
630,1,12815
631,1,12811
632,1,12987
633,1,12793
634,1,12875
635,1,12871
636,1,12944
637,1,12959
638,1,12879
639,1,12873
640,1,12873
641,1,12842
642,1,12848
643,1,12804
644,1,12818
645,1,12759
646,1,12797
647,1,12732
648,1,12723
649,1,12670
650,1,12637
651,1,12600
652,1,12660
653,1,12630
654,1,12609
655,1,12665
656,1,12560
657,1,12593
658,1,12610
659,1,12649
660,1,12543
661,1,12617
662,1,12693
663,1,12599
664,1,12526
665,1,12603
666,1,12544
667,1,12570
668,1,12542
669,1,12526
670,1,12597
671,1,12569
672,1,12547
673,1,12590
674,1,12525
675,1,12544
676,1,12523
677,1,12606
678,1,12605
679,1,12576
680,1,12571
681,1,12555
682,1,12515
683,1,12541
684,1,12571
685,1,12524
686,1,12554
687,1,12559
688,1,12546
689,1,12538
690,1,12549
691,1,12549
692,1,12503
693,1,12531
694,1,12520
695,1,12616
696,1,12575
697,1,12523
698,1,12514
699,1,12560
700,1,12562
701,1,12550
702,1,12575
703,1,12514
704,1,12563
705,1,12540
706,1,12544
707,1,12471
708,1,12554
709,1,12544
710,1,12558
711,1,12528
712,1,12561
713,1,12559
714,1,12569
715,1,12522
716,1,12520
717,1,12531
718,1,12559
719,1,12537
720,1,12538
721,1,12554
722,1,12580
723,1,12518
724,1,12521
725,1,12558
726,1,12563
727,1,12558
728,1,12556
729,1,12552
730,1,12601
731,1,12602
732,1,12562
733,1,12576
734,1,12572
735,1,12537
736,1,12555
737,1,12603
738,1,12625
739,1,12589
740,1,12591
741,1,12548
742,1,12562
743,1,12561
744,1,12611
745,1,12537
746,1,12572
747,1,12546
748,1,12521
749,1,12575
750,1,12589
751,1,12546
752,1,12541
753,1,12615
754,1,12571
755,1,12572
756,1,12587
757,1,12555
758,1,12577
759,1,12593
760,1,12526
761,1,12543
762,1,12509
763,1,12598
764,1,12557
765,1,12562
766,1,12522
767,1,12564
768,1,12577
769,1,12578
770,1,12554
771,1,12557
772,1,12542
773,1,12549
774,1,12557
775,1,12572
776,1,12526
777,1,12583
778,1,12567
779,1,12525
780,1,12557
781,1,12567
782,1,12527
783,1,12550
784,1,12549
785,1,12623
786,1,12594
787,1,12549
788,1,12553
789,1,12596
790,1,12557
791,1,12574
792,1,12560
793,1,12578
794,1,12525
795,1,12575
796,1,12571
797,1,12573
798,1,12604
799,1,12557
800,1,12581
801,1,12541
802,1,12629
803,1,12548
804,1,12589
805,1,12606
806,1,12549
807,1,12587
808,1,12585
809,1,12556
810,1,12618
811,1,12633
812,1,12603
813,1,12562
814,1,12683
815,1,12705
816,1,12604
817,1,12611
818,1,12597
819,1,12610
820,1,12634
821,1,12614
822,1,12600
823,1,12577
824,1,12603
825,1,12577
826,1,12556
827,1,12632
828,1,12556
829,1,12611
830,1,12558
831,1,12541
832,1,12553
833,1,12533
834,1,12517
835,1,12536
836,1,12607
837,1,12603
838,1,12590
839,1,12586
840,1,12581
841,1,12644
842,1,12559
843,1,12584
844,1,12580
845,1,12619
846,1,12612
847,1,12617
848,1,12593
849,1,12579
850,1,12627
851,1,12672
852,1,12618
853,1,12588
854,1,12568
855,1,12584
856,1,12610
857,1,12627
858,1,12621
859,1,12631
860,1,12643
861,1,12612
862,1,12669
863,1,12640
864,1,12663
865,1,12651
866,1,12601
867,1,12700
868,1,12658
869,1,12625
870,1,12668
871,1,12663
872,1,12682
873,1,12699
874,1,12639
875,1,12676
876,1,12629
877,1,12620
878,1,12639
879,1,12632
880,1,12709
881,1,12699
882,1,12703
883,1,12667
884,1,12607
885,1,12632
886,1,12719
887,1,12699
888,1,12667
889,1,12733
890,1,12716
891,1,12627
892,1,12732
893,1,12724
894,1,12747
895,1,12645
896,1,12732
897,1,12742
898,1,12756
899,1,12720
900,1,12776
901,1,12753
902,1,12761
903,1,12775
904,1,12747
905,1,12707
906,1,12766
907,1,12757
908,1,12735
909,1,12746
910,1,12737
911,1,12789
912,1,12726
913,1,12764
914,1,12678
915,1,12754
916,1,12765
917,1,12743
918,1,12782
919,1,12780
920,1,12727
921,1,12757
922,1,12829
923,1,12824
924,1,12811
925,1,12787
926,1,12768
927,1,12764
928,1,12780
929,1,12809
930,1,12771
931,1,12788
932,1,12773
933,1,12820
934,1,12726
935,1,12777
936,1,12768
937,1,12779
938,1,12737
939,1,12712
940,1,12717
941,1,12703
942,1,12736
943,1,12763
944,1,12766
945,1,12707
946,1,12799
947,1,12755
948,1,12755
949,1,12744
950,1,12797
951,1,12750
952,1,12755
953,1,12693
954,1,12731
955,1,12781
956,1,12734
957,1,12710
958,1,12735
959,1,12687
960,1,12740
961,1,12717
962,1,12704
963,1,12714
964,1,12726
965,1,12674
966,1,12670
967,1,12672
968,1,12654
969,1,12648
970,1,12657
971,1,12688
972,1,12688
973,1,12729
974,1,12693
975,1,12672
976,1,12655
977,1,12672
978,1,12660
979,1,12702
980,1,12672
981,1,12591
982,1,12665
983,1,12713
984,1,12684
985,1,12702
986,1,12697
987,1,12734
988,1,12675
989,1,12678
990,1,12648
991,1,12691
992,1,12669
993,1,12710
994,1,12811
995,1,12734
996,1,12863
997,1,12792
998,1,12792
999,1,12720
1000,1,12743
1001,1,12736
1002,1,12813
1003,1,12803
1004,1,12786
1005,1,12803
1006,1,12854
1007,1,12821
1008,1,12867
1009,1,12863
1010,1,14916
1011,1,13022
1012,1,12913
1013,1,12944
1014,1,12869
1015,1,12880
1016,1,12869
1017,1,12874
1018,1,12829
1019,1,12850
1020,1,12840
1021,1,12818
1022,1,12815
1023,1,12764
1024,1,12798
1025,1,12812
1026,1,12708
1027,1,12719
1028,1,12704
1029,1,12693
1030,1,12695
1031,1,12676
1032,1,12655
1033,1,12724
1034,1,12744
1035,1,12633
1036,1,12673
1037,1,12727
1038,1,12738
1039,1,12623
1040,1,12655
1041,1,12683
1042,1,12660
1043,1,12711
1044,1,12706
1045,1,12648
1046,1,12642
1047,1,12682
1048,1,12653
1049,1,12697
1050,1,12662
1051,1,12684
1052,1,12642
1053,1,12694
1054,1,12622
1055,1,12656
1056,1,12714
1057,1,12709
1058,1,12649
1059,1,12671
1060,1,12661
1061,1,12647
1062,1,12629
1063,1,12641
1064,1,12632
1065,1,12679
1066,1,12682
1067,1,12638
1068,1,12651
1069,1,12693
1070,1,12672
1071,1,12678
1072,1,12730
1073,1,12668
1074,1,12676
1075,1,12654
1076,1,12648
1077,1,12698
1078,1,12631
1079,1,12661
1080,1,12622
1081,1,12645
1082,1,12638
1083,1,12667
1084,1,12651
1085,1,12692
1086,1,12674
1087,1,12680
1088,1,12644
1089,1,12697
1090,1,12708
1091,1,12682
1092,1,12681
1093,1,12665
1094,1,12695
1095,1,12669
1096,1,12625
1097,1,12672
1098,1,12620
1099,1,12652
1100,1,12694
1101,1,12699
1102,1,12666
1103,1,12619
1104,1,12663
1105,1,12697
1106,1,12652
1107,1,12698
1108,1,12690
1109,1,12716
1110,1,12663
1111,1,12653
1112,1,12682
1113,1,12692
1114,1,12630
1115,1,12639
1116,1,12618
1117,1,12618
1118,1,12664
1119,1,12624
1120,1,12671
1121,1,12644
1122,1,12639
1123,1,12660
1124,1,12660
1125,1,12673
1126,1,12667
1127,1,12647
1128,1,12658
1129,1,12591
1130,1,12635
1131,1,12661
1132,1,12727
1133,1,12722
1134,1,12663
1135,1,12685
1136,1,12691
1137,1,12618
1138,1,12631
1139,1,12675
1140,1,12692
1141,1,12663
1142,1,12680
1143,1,12655
1144,1,12684
1145,1,12627
1146,1,12639
1147,1,12696
1148,1,12650
1149,1,12595
1150,1,12650
1151,1,12633
1152,1,12665
1153,1,12644
1154,1,12573
1155,1,12679
1156,1,12685
1157,1,12650
1158,1,12683
1159,1,12615
1160,1,12652
1161,1,12677
1162,1,12662
1163,1,12648
1164,1,12680
1165,1,12631
1166,1,12644
1167,1,12704
1168,1,12667
1169,1,12652
1170,1,12676
1171,1,12651
1172,1,12757
1173,1,12680
1174,1,12670
1175,1,12701
1176,1,12654
1177,1,12667
1178,1,12655
1179,1,12693
1180,1,12688
1181,1,12734
1182,1,12705
1183,1,12725
1184,1,12746
1185,1,12685
1186,1,12673
1187,1,12638
1188,1,12706
1189,1,12650
1190,1,12683
1191,1,12690
1192,1,12634
1193,1,12659
1194,1,12658
1195,1,12671
1196,1,12633
1197,1,12651
1198,1,12647
1199,1,12642
1200,1,12644
1201,1,12679
1202,1,12658
1203,1,12740
1204,1,12771
1205,1,12656
1206,1,12593
1207,1,12667
1208,1,12629
1209,1,12695
1210,1,12697
1211,1,12670
1212,1,12672
1213,1,12696
1214,1,12647
1215,1,12669
1216,1,12624
1217,1,12709
1218,1,12688
1219,1,12618
1220,1,12728
1221,1,12699
1222,1,12691
1223,1,12652
1224,1,12613
1225,1,12686
1226,1,12721
1227,1,12692
1228,1,12714
1229,1,12662
1230,1,12677
1231,1,12631
1232,1,12628
1233,1,12652
1234,1,12677
1235,1,12695
1236,1,12653
1237,1,12681
1238,1,12700
1239,1,12651
1240,1,12649
1241,1,12695
1242,1,12676
1243,1,12700
1244,1,12650
1245,1,12669
1246,1,12648
1247,1,12683
1248,1,12697
1249,1,12684
1250,1,12629
1251,1,12660
1252,1,12655
1253,1,12652
1254,1,12692
1255,1,12645
1256,1,12711
1257,1,12696
1258,1,12636
1259,1,12678
1260,1,12705
1261,1,12676
1262,1,12698
1263,1,12676
1264,1,12657
1265,1,12667
1266,1,12732
1267,1,12674
1268,1,12711
1269,1,12678
1270,1,12743
1271,1,12679
1272,1,12664
1273,1,12737
1274,1,12631
1275,1,12670
1276,1,12646
1277,1,12671
1278,1,12669
1279,1,12669
1280,1,12724
1281,1,12719
1282,1,12696
1283,1,12726
1284,1,12737
1285,1,12769
1286,1,12545
1287,1,12727
1288,1,12700
1289,1,12696
1290,1,12711
1291,1,12647
1292,1,12673
1293,1,12646
1294,1,12669
1295,1,12709
1296,1,12708
1297,1,12727
1298,1,12678
1299,1,12746
1300,1,12692
1301,1,12645
1302,1,12711
1303,1,12744
1304,1,12716
1305,1,12684
1306,1,12747
1307,1,12593
1308,1,12725
1309,1,12693
1310,1,12755
1311,1,12717
1312,1,12714
1313,1,12749
1314,1,12736
1315,1,12738
1316,1,12766
1317,1,12673
1318,1,12763
1319,1,12734
1320,1,12729
1321,1,12742
1322,1,12743
1323,1,12772
1324,1,12756
1325,1,12758
1326,1,12713
1327,1,12747
1328,1,12778
1329,1,12770
1330,1,12775
1331,1,12775
1332,1,12796
1333,1,12719
1334,1,12781
1335,1,12777
1336,1,12761
1337,1,12827
1338,1,12820
1339,1,12762
1340,1,12761
