1,1,12074
2,1,12429
3,1,12457
4,1,12387
5,1,12424
6,1,12420
7,1,12366
8,1,12386
9,1,12334
10,1,12265
11,1,12340
12,1,12292
13,1,12348
14,1,12294
15,1,12332
16,1,12292
17,1,12310
18,1,12383
19,1,12316
20,1,12359
21,1,12354
22,1,12334
23,1,12351
24,1,12326
25,1,12360
26,1,12366
27,1,12361
28,1,12388
29,1,12328
30,1,12360
31,1,12380
32,1,12375
33,1,12368
34,1,12377
35,1,12434
36,1,12407
37,1,12408
38,1,12398
39,1,12478
40,1,12440
41,1,12451
42,1,12436
43,1,12462
44,1,12428
45,1,12442
46,1,12454
47,1,12452
48,1,12450
49,1,12545
50,1,12514
51,1,12457
52,1,12507
53,1,12508
54,1,12594
55,1,12537
56,1,12515
57,1,12556
58,1,12540
59,1,12516
60,1,12547
61,1,12565
62,1,12594
63,1,12604
64,1,12561
65,1,12630
66,1,12525
67,1,12628
68,1,12539
69,1,12600
70,1,12600
71,1,12597
72,1,12607
73,1,12639
74,1,12595
75,1,12611
76,1,12581
77,1,12610
78,1,12666
79,1,12585
80,1,12653
81,1,12604
82,1,12699
83,1,12730
84,1,12684
85,1,12689
86,1,12802
87,1,12817
88,1,12873
89,1,12896
90,1,12829
91,1,12899
92,1,12871
93,1,12978
94,1,12849
95,1,12919
96,1,12833
97,1,12843
98,1,12768
99,1,12757
100,1,12695
101,1,12615
102,1,12674
103,1,12591
104,1,12644
105,1,12604
106,1,12527
107,1,12508
108,1,12504
109,1,12476
110,1,12463
111,1,12439
112,1,12434
113,1,12419
114,1,12392
115,1,12413
116,1,12432
117,1,12395
118,1,12453
119,1,12410
120,1,12392
121,1,12438
122,1,12433
123,1,12407
124,1,12448
125,1,12436
126,1,12435
127,1,12396
128,1,12410
129,1,12414
130,1,12410
131,1,12435
132,1,12441
133,1,12392
134,1,12431
135,1,12431
136,1,12375
137,1,12442
138,1,12460
139,1,12436
140,1,12094
141,1,12477
142,1,12408
143,1,12392
144,1,12381
145,1,12399
146,1,12401
147,1,12405
148,1,12390
149,1,12360
150,1,12375
151,1,12403
152,1,12415
153,1,12347
154,1,12389
155,1,12341
156,1,12388
157,1,12426
158,1,12394
159,1,12402
160,1,12378
161,1,12367
162,1,12396
163,1,12394
164,1,12373
165,1,12359
166,1,12373
167,1,12370
168,1,12337
169,1,12393
170,1,12366
171,1,12363
172,1,12345
173,1,12316
174,1,12380
175,1,12390
176,1,12398
177,1,12387
178,1,12404
179,1,12395
180,1,12400
181,1,12379
182,1,12398
183,1,12385
184,1,12367
185,1,12413
186,1,12458
187,1,12437
188,1,12408
189,1,12402
190,1,12365
191,1,12392
192,1,12443
193,1,12360
194,1,12427
195,1,12467
196,1,12434
197,1,12426
198,1,12407
199,1,12424
200,1,12379
201,1,12415
202,1,12408
203,1,12381
204,1,12392
205,1,12431
206,1,12425
207,1,12434
208,1,12424
209,1,12393
210,1,12412
211,1,12416
212,1,12467
213,1,12428
214,1,12446
215,1,12457
216,1,12439
217,1,12416
218,1,12447
219,1,12498
220,1,12436
221,1,12502
222,1,12425
223,1,12436
224,1,12492
225,1,12450
226,1,12463
227,1,12439
228,1,12429
229,1,12488
230,1,12436
231,1,12461
232,1,12443
233,1,12429
234,1,12423
235,1,12485
236,1,12479
237,1,12500
238,1,12447
239,1,12548
240,1,12432
241,1,12508
242,1,12449
243,1,12482
244,1,12407
245,1,12449
246,1,12440
247,1,12433
248,1,12496
249,1,12454
250,1,12459
251,1,12487
252,1,12500
253,1,12485
254,1,12504
255,1,12460
256,1,12396
257,1,12422
258,1,12493
259,1,12517
260,1,12505
261,1,12503
262,1,12524
263,1,12507
264,1,12601
265,1,12582
266,1,12538
267,1,12590
268,1,12588
269,1,12603
270,1,12646
271,1,12647
272,1,12652
273,1,12696
274,1,12718
275,1,12749
276,1,12750
277,1,12744
278,1,12718
279,1,12765
280,1,12705
281,1,12677
282,1,12774
283,1,12708
284,1,12696
285,1,12669
286,1,12710
287,1,12610
288,1,12677
289,1,12667
290,1,12543
291,1,12631
292,1,12689
293,1,12671
294,1,12683
295,1,12487
296,1,12619
297,1,12608
298,1,12541
299,1,12567
300,1,12579
301,1,12618
302,1,12550
303,1,12560
304,1,12584
305,1,12525
306,1,12576
307,1,12616
308,1,12611
309,1,12577
310,1,12563
311,1,12661
312,1,12688
313,1,12643
314,1,12726
315,1,12706
316,1,12675
317,1,12743
318,1,12683
319,1,12691
320,1,12727
321,1,12763
322,1,12764
323,1,12816
324,1,12872
325,1,13076
326,1,13438
327,1,13969
328,1,14478
329,1,14808
330,1,14907
331,1,14908
332,1,14619
333,1,14192
334,1,13651
335,1,13300
336,1,12865
337,1,12733
338,1,12622
339,1,12604
340,1,12601
341,1,12627
342,1,12571
343,1,12562
344,1,12592
345,1,12569
346,1,12608
347,1,12511
348,1,12533
349,1,12505
350,1,12512
351,1,12565
352,1,12587
353,1,12537
354,1,12511
355,1,12543
356,1,12588
357,1,12539
358,1,12500
359,1,12437
360,1,12474
361,1,12478
362,1,12528
363,1,12521
364,1,12485
365,1,12474
366,1,12508
367,1,12522
368,1,12538
369,1,12584
370,1,12523
371,1,12505
372,1,12472
373,1,12474
374,1,12530
375,1,12464
376,1,12499
377,1,12536
378,1,12509
379,1,12508
380,1,12554
381,1,12446
382,1,12597
383,1,12602
384,1,12487
385,1,12503
386,1,12495
387,1,12526
388,1,12540
389,1,12509
390,1,12539
391,1,12464
392,1,12482
393,1,12561
394,1,12493
395,1,12580
396,1,12486
397,1,12498
398,1,12498
399,1,12492
400,1,12536
401,1,12474
402,1,12547
403,1,12532
404,1,12534
405,1,12586
406,1,12581
407,1,12600
408,1,12600
409,1,12568
410,1,12585
411,1,12604
412,1,12585
413,1,12620
414,1,12607
415,1,12595
416,1,12543
417,1,12570
418,1,12549
419,1,12622
420,1,12632
421,1,12585
422,1,12542
423,1,12570
424,1,12642
425,1,12599
426,1,12554
427,1,12607
428,1,12596
429,1,12564
430,1,12536
431,1,12538
432,1,12629
433,1,12557
434,1,12589
435,1,12566
436,1,12568
437,1,12550
438,1,12551
439,1,12520
440,1,12512
441,1,12519
442,1,12545
443,1,12483
444,1,12556
445,1,12520
446,1,12540
447,1,12463
448,1,12524
449,1,12457
450,1,12518
451,1,12546
452,1,12506
453,1,12520
454,1,12521
455,1,12553
456,1,12553
457,1,12523
458,1,12532
459,1,12479
460,1,12482
461,1,12554
462,1,12485
463,1,12509
464,1,12527
465,1,12518
466,1,12473
467,1,12545
468,1,12534
469,1,12456
470,1,12458
471,1,12588
472,1,12492
473,1,12440
474,1,12532
475,1,12500
476,1,12498
477,1,12504
478,1,12503
479,1,12470
480,1,12487
481,1,12464
482,1,12488
483,1,12502
484,1,12526
485,1,12477
486,1,12464
487,1,12502
488,1,12564
489,1,12515
490,1,12553
491,1,12483
492,1,12470
493,1,12535
494,1,12440
495,1,12497
496,1,12476
497,1,12517
498,1,12445
499,1,12533
500,1,12475
501,1,12489
502,1,12500
503,1,12534
504,1,12546
505,1,12522
506,1,12488
507,1,12500
508,1,12472
509,1,12545
510,1,12470
511,1,12504
512,1,12563
513,1,12530
514,1,12508
515,1,12623
516,1,12541
517,1,12581
518,1,12570
519,1,12518
520,1,12576
521,1,12581
522,1,12506
523,1,12527
524,1,12517
525,1,12603
526,1,12586
527,1,12562
528,1,12543
529,1,12511
530,1,12526
531,1,12584
532,1,12554
533,1,12567
534,1,12549
535,1,12561
536,1,12553
537,1,12535
538,1,12617
539,1,12582
540,1,12542
541,1,12579
542,1,12562
543,1,12563
544,1,12587
545,1,12491
546,1,12549
547,1,12592
548,1,12610
549,1,12558
550,1,12520
551,1,12567
552,1,12593
553,1,12545
554,1,12565
555,1,12539
556,1,12548
557,1,12602
558,1,12583
559,1,12548
560,1,12547
561,1,12538
562,1,12583
563,1,12536
564,1,12560
565,1,12593
566,1,12601
567,1,12581
568,1,12536
569,1,12599
570,1,12539
571,1,12596
572,1,12559
573,1,12546
574,1,12609
575,1,12550
576,1,12601
577,1,12573
578,1,12585
579,1,12580
580,1,12595
581,1,12627
582,1,12608
583,1,12632
584,1,12655
585,1,12636
586,1,12731
587,1,12661
588,1,12755
589,1,12694
590,1,12601
591,1,12649
592,1,12636
593,1,12693
594,1,12641
595,1,12665
596,1,12686
597,1,12702
598,1,12650
599,1,12751
600,1,12700
601,1,12685
602,1,12747
603,1,12756
604,1,12835
605,1,12781
606,1,12778
607,1,12812
608,1,12829
609,1,12824
610,1,12852
611,1,12903
612,1,12939
613,1,12956
614,1,12928
615,1,12970
616,1,12994
617,1,12988
618,1,13015
619,1,13115
620,1,13178
621,1,13132
622,1,13254
623,1,13314
624,1,13416
625,1,13366
626,1,13470
627,1,13478
628,1,13597
629,1,13610
630,1,13722
631,1,13876
632,1,13912
633,1,13894
634,1,13978
635,1,13902
636,1,13957
637,1,13912
638,1,13920
639,1,13817
640,1,13769
641,1,13635
642,1,13638
643,1,13532
644,1,13414
645,1,13330
646,1,13264
647,1,13245
648,1,13182
649,1,13112
650,1,13109
651,1,13006
652,1,12977
653,1,12959
654,1,12905
655,1,12872
656,1,12859
657,1,12903
658,1,12864
659,1,12882
660,1,12836
661,1,12785
662,1,12905
663,1,12790
664,1,12821
665,1,12766
666,1,12767
667,1,12779
668,1,12756
669,1,12715
670,1,12738
671,1,12773
672,1,12721
673,1,12759
674,1,12744
675,1,12747
676,1,12639
677,1,12793
678,1,12742
679,1,12738
680,1,12693
681,1,12653
682,1,12662
683,1,12708
684,1,12720
685,1,12655
686,1,12700
687,1,12658
688,1,12663
689,1,12663
690,1,12632
691,1,12644
692,1,12623
693,1,12694
694,1,12631
695,1,12644
696,1,12700
697,1,12672
698,1,12603
699,1,12634
700,1,12663
701,1,12615
702,1,12639
703,1,12635
704,1,12642
705,1,12633
706,1,12601
707,1,12598
708,1,12650
709,1,12679
710,1,12619
711,1,12628
712,1,12607
713,1,12637
714,1,12574
715,1,12612
716,1,12620
717,1,12607
718,1,12643
719,1,12621
720,1,12654
721,1,12633
722,1,12596
723,1,12640
724,1,12714
725,1,12702
726,1,12710
727,1,12632
728,1,12619
729,1,12630
730,1,12695
731,1,12643
732,1,12674
733,1,12601
734,1,12645
735,1,12674
736,1,12684
737,1,12672
738,1,12681
739,1,12668
740,1,12622
741,1,12543
742,1,12580
743,1,12629
744,1,12670
745,1,12621
746,1,12615
747,1,12636
748,1,12642
749,1,12661
750,1,12580
751,1,12623
752,1,12597
753,1,12649
754,1,12651
755,1,12581
756,1,12621
757,1,12652
758,1,12639
759,1,12644
760,1,12583
761,1,12619
762,1,12604
763,1,12660
764,1,12630
765,1,12643
766,1,12632
767,1,12575
768,1,12662
769,1,12585
770,1,12593
771,1,12619
772,1,12661
773,1,12620
774,1,12564
775,1,12664
776,1,12602
777,1,12594
778,1,12610
779,1,12633
780,1,12618
781,1,12620
782,1,12562
783,1,12605
784,1,12599
785,1,12670
786,1,12628
787,1,12623
788,1,12608
789,1,12649
790,1,12632
791,1,12597
792,1,12603
793,1,12690
794,1,12634
795,1,12649
796,1,12668
797,1,12681
798,1,12747
799,1,12651
800,1,12662
801,1,12703
802,1,12703
803,1,12662
804,1,12729
805,1,12818
806,1,12804
807,1,12822
808,1,12853
809,1,12798
810,1,12856
811,1,12855
812,1,12871
813,1,12889
814,1,12949
815,1,12937
816,1,12772
817,1,12789
818,1,12745
819,1,12742
820,1,12653
821,1,12752
822,1,12709
823,1,12714
824,1,12662
825,1,12705
826,1,12723
827,1,12676
828,1,12667
829,1,12652
830,1,12581
831,1,12631
832,1,12595
833,1,12600
834,1,12567
835,1,12631
836,1,12632
837,1,12648
838,1,12640
839,1,12616
840,1,12639
841,1,12617
842,1,12688
843,1,12625
844,1,12603
845,1,12718
846,1,12695
847,1,12624
848,1,12707
849,1,12652
850,1,12643
851,1,12662
852,1,12662
853,1,12669
854,1,12741
855,1,12727
856,1,12685
857,1,12729
858,1,12713
859,1,12791
860,1,12788
861,1,12709
862,1,12778
863,1,12760
864,1,12796
865,1,12737
866,1,12780
867,1,12811
868,1,12753
869,1,12757
870,1,12766
871,1,12778
872,1,12776
873,1,12808
874,1,12769
875,1,12775
876,1,12768
877,1,12801
878,1,12822
879,1,12792
880,1,12778
881,1,12857
882,1,12857
883,1,12869
884,1,12833
885,1,12758
886,1,12794
887,1,12823
888,1,12853
889,1,12885
890,1,12831
891,1,12842
892,1,12888
893,1,12901
894,1,12928
895,1,12848
896,1,12913
897,1,13002
898,1,12998
899,1,13011
900,1,13018
901,1,13014
902,1,12930
903,1,12960
904,1,12940
905,1,13019
906,1,12992
907,1,12953
908,1,12973
909,1,12990
910,1,12975
911,1,13004
912,1,13069
913,1,13003
914,1,13031
915,1,13049
916,1,13057
917,1,13057
918,1,13078
919,1,13065
920,1,13080
921,1,13154
922,1,13140
923,1,13179
924,1,13184
925,1,13237
926,1,13167
927,1,13158
928,1,13154
929,1,13136
930,1,13119
931,1,13182
932,1,13138
933,1,13157
934,1,13085
935,1,13090
936,1,13092
937,1,13041
938,1,13082
939,1,12953
940,1,13034
941,1,12990
942,1,13031
943,1,12979
944,1,13009
945,1,12971
946,1,12960
947,1,12919
948,1,12943
949,1,12979
950,1,13005
951,1,13016
952,1,12985
953,1,12968
954,1,12943
955,1,12989
956,1,12898
957,1,12894
958,1,12918
959,1,12880
960,1,12877
961,1,12895
962,1,12891
963,1,12845
964,1,12781
965,1,12784
966,1,12815
967,1,12786
968,1,12785
969,1,12806
970,1,12774
971,1,12704
972,1,12774
973,1,12795
974,1,12734
975,1,12796
976,1,12738
977,1,12744
978,1,12788
979,1,12728
980,1,12727
981,1,12756
982,1,12757
983,1,12734
984,1,12766
985,1,12751
986,1,12778
987,1,12845
988,1,12790
989,1,12801
990,1,12800
991,1,12845
992,1,12894
993,1,12886
994,1,12877
995,1,12897
996,1,13014
997,1,13010
998,1,12914
999,1,12938
1000,1,12999
1001,1,13016
1002,1,13038
1003,1,13034
1004,1,13024
1005,1,13026
1006,1,13157
1007,1,13116
1008,1,13119
1009,1,13176
1010,1,15239
1011,1,13224
1012,1,13195
1013,1,13200
1014,1,13145
1015,1,13118
1016,1,13143
1017,1,13072
1018,1,13131
1019,1,13061
1020,1,12984
1021,1,13040
1022,1,12973
1023,1,12929
1024,1,12948
1025,1,12852
1026,1,12844
1027,1,12836
1028,1,12765
1029,1,12763
1030,1,12772
1031,1,12741
1032,1,12734
1033,1,12690
1034,1,12715
1035,1,12686
1036,1,12703
1037,1,12686
1038,1,12765
1039,1,12719
1040,1,12675
1041,1,12675
1042,1,12691
1043,1,12666
1044,1,12731
1045,1,12680
1046,1,12650
1047,1,12706
1048,1,12669
1049,1,12622
1050,1,12658
1051,1,12692
1052,1,12619
1053,1,12669
1054,1,12625
1055,1,12627
1056,1,12670
1057,1,12632
1058,1,12605
1059,1,12690
1060,1,12641
1061,1,12656
1062,1,12651
1063,1,12668
1064,1,12696
1065,1,12633
1066,1,12660
1067,1,12630
1068,1,12608
1069,1,12637
1070,1,12655
1071,1,12653
1072,1,12703
1073,1,12639
1074,1,12629
1075,1,12645
1076,1,12617
1077,1,12665
1078,1,12689
1079,1,12657
1080,1,12681
1081,1,12670
1082,1,12665
1083,1,12658
1084,1,12630
1085,1,12610
1086,1,12598
1087,1,12624
1088,1,12625
1089,1,12620
1090,1,12651
1091,1,12637
1092,1,12626
1093,1,12599
1094,1,12588
1095,1,12625
1096,1,12642
1097,1,12613
1098,1,12599
1099,1,12578
1100,1,12648
1101,1,12587
1102,1,12623
1103,1,12636
1104,1,12621
1105,1,12618
1106,1,12650
1107,1,12653
1108,1,12627
1109,1,12636
1110,1,12612
1111,1,12560
1112,1,12646
1113,1,12646
1114,1,12612
1115,1,12635
1116,1,12612
1117,1,12632
1118,1,12644
1119,1,12553
1120,1,12599
1121,1,12583
1122,1,12613
1123,1,12635
1124,1,12636
1125,1,12573
1126,1,12581
1127,1,12534
1128,1,12579
1129,1,12564
1130,1,12679
1131,1,12637
1132,1,12637
1133,1,12580
1134,1,12590
1135,1,12666
1136,1,12562
1137,1,12599
1138,1,12583
1139,1,12602
1140,1,12569
1141,1,12569
1142,1,12602
1143,1,12612
1144,1,12626
1145,1,12585
1146,1,12625
1147,1,12611
1148,1,12546
1149,1,12619
1150,1,12545
1151,1,12520
1152,1,12609
1153,1,12574
1154,1,12578
1155,1,12566
1156,1,12584
1157,1,12580
1158,1,12594
1159,1,12594
1160,1,12594
1161,1,12576
1162,1,12588
1163,1,12624
1164,1,12631
1165,1,12635
1166,1,12615
1167,1,12575
1168,1,12633
1169,1,12586
1170,1,12582
1171,1,12609
1172,1,12608
1173,1,12590
1174,1,12616
1175,1,12590
1176,1,12545
1177,1,12611
1178,1,12563
1179,1,12569
1180,1,12659
1181,1,12585
1182,1,12649
1183,1,12612
1184,1,12601
1185,1,12598
1186,1,12617
1187,1,12575
1188,1,12601
1189,1,12599
1190,1,12607
1191,1,12629
1192,1,12590
1193,1,12591
1194,1,12548
1195,1,12607
1196,1,12570
1197,1,12640
1198,1,12599
1199,1,12595
1200,1,12594
1201,1,12588
1202,1,12631
1203,1,12641
1204,1,12655
1205,1,12601
1206,1,12577
1207,1,12581
1208,1,12601
1209,1,12589
1210,1,12607
1211,1,12635
1212,1,12541
1213,1,12597
1214,1,12627
1215,1,12593
1216,1,12566
1217,1,12591
1218,1,12569
1219,1,12605
1220,1,12602
1221,1,12572
1222,1,12615
1223,1,12530
1224,1,12615
1225,1,12598
1226,1,12651
1227,1,12578
1228,1,12608
1229,1,12673
1230,1,12625
1231,1,12603
1232,1,12573
1233,1,12611
1234,1,12587
1235,1,12577
1236,1,12600
1237,1,12546
1238,1,12555
1239,1,12567
1240,1,12586
1241,1,12613
1242,1,12572
1243,1,12583
1244,1,12554
1245,1,12592
1246,1,12576
1247,1,12581
1248,1,12553
1249,1,12589
1250,1,12577
1251,1,12636
1252,1,12566
1253,1,12616
1254,1,12618
1255,1,12621
1256,1,12523
1257,1,12554
1258,1,12580
1259,1,12596
1260,1,12600
1261,1,12564
1262,1,12576
1263,1,12571
1264,1,12561
1265,1,12574
1266,1,12590
1267,1,12520
1268,1,12668
1269,1,12615
1270,1,12613
1271,1,12611
1272,1,12623
1273,1,12589
1274,1,12531
1275,1,12568
1276,1,12617
1277,1,12596
1278,1,12571
1279,1,12591
1280,1,12546
1281,1,12577
1282,1,12624
1283,1,12568
1284,1,12636
1285,1,12718
1286,1,12480
1287,1,12654
1288,1,12579
1289,1,12623
1290,1,12575
1291,1,12559
1292,1,12552
1293,1,12608
1294,1,12646
1295,1,12551
1296,1,12560
1297,1,12630
1298,1,12574
1299,1,12620
1300,1,12599
1301,1,12661
1302,1,12592
1303,1,12683
1304,1,12578
1305,1,12599
1306,1,12629
1307,1,12588
1308,1,12634
1309,1,12604
1310,1,12594
1311,1,12652
1312,1,12612
1313,1,12610
1314,1,12583
1315,1,12603
1316,1,12626
1317,1,12663
1318,1,12593
1319,1,12633
1320,1,12639
1321,1,12634
1322,1,12627
1323,1,12630
1324,1,12650
1325,1,12635
1326,1,12673
1327,1,12675
1328,1,12668
1329,1,12664
1330,1,12653
1331,1,12614
1332,1,12687
1333,1,12613
1334,1,12645
1335,1,12624
1336,1,12642
1337,1,12667
1338,1,12647
1339,1,12663
1340,1,12693
