945.1025063468871    -157.04310344827536
945.8333331702021    -9.54310344827536
946.564159993517    86.45689655172464
947.294986816832    -0.5431034482753603
948.0258136401469    50.45689655172464
948.7566404634618    37.45689655172464
949.4874672867768    -30.04310344827536
950.2182941100917    -5.54310344827536
950.9491209334067    -7.81034482758696
951.6799477567215    -7.54310344827536
952.4107745800364    -5.04310344827536
953.1416014033514    -0.0061465009715557795
953.8724282266663    -10.469189553666842
954.6032550499813    -0.36339940837011664
955.3340818732962    -15.547750935299048
956.0649086966112    -38.35831871175452
956.7957355199261    -34.916453989153275
957.526562343241    -39.284404817146
958.257389166556    -117.74744786984037
958.9882159898709    -46.46950856993825
959.7190428131859    -116.17353397523186
960.4498696365008    -50.136577027928965
961.1806964598157    -52.0225631507214
961.9115232831307    12.793085322351482
962.6423501064456    -10.025706186014823
963.3731769297606    27.424382268495435
964.1040037530755    -25.451792291406303
964.8348305763905    3.5851646558975006
965.5656573997054    47.87132768771228
966.2964842230202    55.686976160783345
967.0273110463352    -6.30396450218835
967.7581378696501    70.73299244511455
968.488964692965    95.26994939242016
969.21979151628    174.94957005307126
969.9506183395949    165.84386328702868
970.6814451629099    157.58086699921702
971.4122719862248    125.4177771816372
972.1430988095398    179.954734128941
972.8739256328547    218.99169107624573
973.6047524561696    198.52864802354952
974.3355792794846    249.06560497085331
975.0664061027995    286.602561918158
975.7972329261145    247.63951886546184
976.5280597494294    257.67647581276657
977.2588865727444    264.21343276007036
977.9897133960593    278.250389707376
978.7205402193742    238.28734665467886
979.4513670426892    299.8243036019845
980.1821938660041    362.3612605492874
980.913020689319    321.398217496593
981.6438475126339    322.4351744438959
982.3746743359488    321.4721313912015
983.1055011592638    384.0090883385053
983.8363279825787    324.54604528581007
984.5671548058937    312.08300223311386
985.2979816292086    342.11995918041856
986.0288084525235    461.7094849337313
986.7596352758385    489.5251334068042
987.4904620991534    423.7308300223309
988.2212889224684    393.7677869696365
988.9521157457833    491.3047439169394
989.6829425690983    522.841700864245
990.4137693924132    499.37865781154795
991.1445962157281    512.9156147588535
991.8754230390431    508.4525717061574
992.606249862358    569.4895286534621
993.337076685673    637.5264856007659
994.0679035089879    613.0634425480706
994.7987303323027    660.1003994953744
995.5295571556177    707.1373564426782
996.2603839789326    726.6743133899829
996.9912108022476    766.9442120298137
997.7220376255625    675.7482272845914
998.4528644488774    792.5755089759576
999.1836912721924    710.8221411792008
999.9145180955073    800.2068059221016
1000.6453449188223    764.0224543951745
1001.3761717421372    718.4330120211123
1002.1069985654522    741.9699689684179
1002.8378253887671    702.5069259157208
1003.568652212082    674.0438828630264
1004.299479035397    671.0808398103302
1005.0303058587119    680.9163452336063
1005.7611326820269    709.6547537049388
1006.4919595053418    721.1917106522435
1007.2227863286568    690.2286675995473
1007.9536131519717    727.2656245468529
1008.6844399752865    684.8025814941558
1009.4152667986016    686.8102360720401
1010.1460936219164    630.3764953887644
1010.8769204452313    667.441533018184
1011.6077472685463    656.4504092833729
1012.3385740918612    648.4873662306784
1013.0694009151762    513.0243231779823
1013.8002277384911    533.061280125287
1014.5310545618061    449.0982370725908
1015.261881385121    449.6351940198955
1015.9927082084359    414.1721509671993
1016.7235350317509    373.2091079145031
1017.4543618550658    423.2460648618078
1018.1851886783808    335.5980177489056
1018.9160155016957    368.41366622197665
1019.6468423250107    385.8569357037201
1020.3776691483256    291.89389265102574
1021.1084959716405    226.43084959832862
1021.8393227949555    260.9678065456343
1022.5701496182704    247.49190858733746
1023.3009764415854    284.5417204402428
1024.0318032649002    245.12320553348144
1024.7626300882152    186.93885400655432
1025.49345691153    184.7545024796272
1026.2242837348451    143.57015095269827
1026.95511055816    137.22650517676362
1027.685937381475    116.76346212406834
1028.4167642047898    81.80041907137215
1029.147591028105    97.832744844988
1029.8784178514197    75.87433296598067
1030.6092446747348    97.46404179113196
1031.3400714980496    64.27969026420303
1032.0708983213644    72.09533873727591
1032.8017251446795    71.91098721034697
1033.5325519679943    114.55911770250333
1034.2633787913094    69.54228415649276
1034.9942056146242    104.35793262956382
1035.7250324379393    7.66998854441565
1036.455859261254    22.98922957570778
1037.1866860845691    -13.756097560975832
1037.917512907884    -0.054744982623117
1038.648339731199    -85.9143680140269
1039.3791665545139    -73.77399104543068
1040.109993377829    -21.633614076834462
1040.8408202011437    -89.2318627472915
1041.5716470244588    -35.027015784553356
1042.3024738477736    -74.82216882181612
1043.0333006710887    -41.07210620244777
1043.7641274944035    -84.93172923385156
1044.4949543177186    -72.79135226525534
1045.2257811410334    -72.00278097086903
1045.9566079643482    -91.29793400813179
1046.6874347876633    -408.59308704539455
1047.418261610978    -87.22984439087047
1048.1490884342932    -109.08946742227425
1048.879915257608    -55.94909045367621
1049.610742080923    -85.80871348507999
1050.3415689042379    -114.5688522317093
1051.072395727553    16.135994731027928
1051.8032225508678    138.34084169376516
1052.5340493741828    215.04568865650057
1053.2648761974976    266.2505356192378
1053.9957030208127    253.0335483264973
1054.7265298441275    144.16022954471228
1055.4573566674426    31.865076507449494
1056.1881834907574    -9.545320767712216
1056.9190103140725    -83.404943799116
1057.6498371373873    -133.26456683051978
1058.3806639607023    -36.12418986192356
1059.1114907840172    -84.98381289332734
1059.842317607332    -32.843435924731125
1060.573144430647    -111.70305895613491
1061.303971253962    -89.5626819875387
1062.034798077277    -93.42230501894248
1062.7656249005918    -41.28192805034626
1063.4964517239068    -52.14155108174822
1064.2272785472217    -73.001174113152
1064.9581053705367    -72.86079714455579
1065.6889321938515    -18.720420175959568
1066.4197590171666    51.419956792636654
1067.1505858404814    7.142627911241561
1067.8814126637965    113.70071072982908
1068.6122394871113    51.55232183671602
1069.3430663104264    -77.01853533297847
1070.0738931337412    4.12184163561774
1070.8047199570562    -95.83313727507411
1071.535546780371    -16.597404427188007
1072.2663736036861    -33.45702745859179
1072.997200427001    -33.31665048999557
1073.7280272503158    -5.176273521399352
1074.4588540736308    1.9641034471968655
1075.189680896946    -20.895519584206916
1075.9205077202607    -3.399208535914388
1076.6513345435756    0.38523435298551867
1077.3821613668906    -17.474388678418265
1078.1129881902054    49.66598829017796
1078.8438150135205    -24.19363474122401
1079.5746418368353    9.946742227372209
1080.3054686601504    5.087119195968427
1081.0362954834652    54.22749616456464
1081.7671223067803    -15.632126866839139
1082.497949130095    -24.055585871282037
1083.2287759534101    -37.3513729296467
1083.959602776725    31.789004038949514
1084.69042960004    45.929381007545736
1085.4212564233549    10.06975797614195
1086.15208324667    61.210134944739984
1086.8829100699847    14.350511913336206
1087.6137368932996    33.49088888193242
1088.3445637166146    67.63126585052864
1089.0753905399297    19.771642819124857
1089.8062173632445    11.492883756089368
1090.5370441865593    17.052396756317293
1091.2678710098744    72.19277372491351
1091.9986978331892    44.33315069350973
1092.7295246565043    24.473527662105948
1093.460351479819    1.613904630703984
1094.1911783031342    7.754281599300201
1094.922005126449    11.89465856789642
1095.652831949764    26.63165945798449
1096.3836587730789    -20.824587494911146
1097.114485596394    -20.684210526314928
1097.8453124197088    -0.004178868223194354
1098.5761392430238    -11.324147210129642
1099.3069660663386    -37.06266210639353
1100.0377928896537    -17.09733393634375
1100.7686197129685    -5.284052235852623
1101.4994465362834    -2.60402057775907
1102.2302733595984    -1.9239889196673365
1102.9611001829135    16.763978743851723
1103.6919270062283    41.22930691390059
1104.4227538295431    59.1161060546115
1105.1535806528582    103.79613771270324
1105.884407476173    97.62529142404901
1106.615234299488    206.5906195940979
1107.346061122803    254.55594776414767
1108.076887946118    339.5212759341965
1108.8077147694328    361.9866041042463
1109.5385415927478    440.9519322742952
1110.2693684160627    302.5563593193526
1111.0001952393777    361.2363909774444
1111.7310220626925    389.9164226355361
1112.4618488860076    499.5964542936297
1113.1926757093224    558.2764859517214
1113.9235025326375    614.9565176098149
1114.6543293559523    642.6365492679067
1115.3851561792671    752.3165809260003
1116.1159830025822    823.996612584092
1116.8468098258973    865.6766442421855
1117.577636649212    971.3566759002773
1118.308463472527    1056.0367075583708
1119.039290295842    1171.7167392164624
1119.7701171191568    1256.466526654984
1120.5009439424718    1325.076802532648
1121.2317707657867    1436.7568341907413
1121.9625975891017    1475.8625111651313
1122.6934244124166    1566.8278393351811
1123.4242512357316    1591.29316750523
1124.1550780590464    1691.258495675278
1124.8859048823615    1813.1569924812036
1125.6167317056763    1837.6891520153758
1126.3475585289914    1923.517055797389
1127.0783853523062    1783.1198083554743
1127.8092121756213    1831.0851365255241
1128.540038998936    1867.550464695573
1129.2708658222512    1829.0157928656226
1130.001692645566    1875.9811210356715
1130.732519468881    1890.9464492057214
1131.4633462921959    2021.9117773757703
1132.1941731155107    1992.37710554582
1132.9249999388257    2024.842433715869
1133.6558267621406    1950.3077618859188
1134.3866535854556    1943.7730900559677
1135.1174804087705    1863.7384182260157
1135.8483072320855    2041.3574673525925
1136.5791340554003    1759.1690745661142
1137.3099608787154    1700.634402736163
1138.0407877020302    1595.599730906213
1138.7716145253453    1491.0650590762616
1139.50244134866    1393.0303872463105
1140.2332681719752    1415.4957154163603
1140.96409499529    1278.4610435864092
1141.694921818605    1124.926371756459
1142.4257486419199    1100.391699926508
1143.156575465235    1040.8570280965578
1143.8874022885498    952.8223562666066
1144.6182291118648    897.7876844366563
1145.3490559351796    902.1978789077958
1146.0798827584945    699.2183407767532
1146.8107095818095    723.6836689468021
1147.5415364051246    624.1489971168518
1148.2723632284394    615.1143252869006
1149.0031900517542    686.59803719826
1149.7340168750693    677.2780688563518
1150.4648436983841    609.0103097970491
1151.1956705216992    599.638132172537
1151.926497345014    559.4409661371477
1152.657324168329    624.4062943071966
1153.388150991644    654.8716224772454
1154.118977814959    660.3582588049076
1154.8498046382738    673.0382904629993
1155.5806314615888    745.7183221210929
1156.3114582849037    634.3983537791846
1157.0422851082187    770.0783854372781
1157.7731119315335    774.7584170953699
1158.5039387548486    790.4384487534635
1159.2347655781634    791.1184804115552
1159.9655924014783    683.7985120696487
1160.6964192247933    831.4785437277404
1161.4272460481084    901.1585753858341
1162.1580728714232    982.8386070439258
1162.888899694738    1038.5186387020192
1163.619726518053    1069.8862168579342
1164.350553341368    1134.851545027984
1165.081380164683    1183.5587336762962
1165.8122069879978    1250.2822013680825
1166.5430338113129    1300.2475295381314
1167.2738606346277    1400.2128577081803
1168.0046874579427    1465.278860308667
1168.7355142812576    1513.6435140482772
1169.4663411045726    1649.6389236248522
1170.1971679278874    1664.574170388376
1170.9279947512025    1624.5394985584255
1171.6588215745173    1677.0048267284744
1172.3896483978324    1717.9701548985242
1173.1204752211472    1680.935483068573
1173.851302044462    1712.400811238623
1174.582128867777    1602.8661394086716
1175.3129556910922    1506.8314675787215
1176.043782514407    1461.7967957487704
1176.7746093377218    1326.7621239188202
1177.5054361610369    1285.727452088869
1178.2362629843517    1118.192780258919
1178.9670898076668    1168.4793351800556
1179.6979166309816    1069.1593668381493
1180.4287434542966    913.0887647690645
1181.1595702776115    784.5540929391134
1181.8903971009265    751.1994618124262
1182.6212239242413    605.984749279212
1183.3520507475564    501.9500774492618
1184.0828775708712    498.9154056193107
1184.8137043941863    455.3807337893604
1185.5445312175011    377.5996201028885
1186.2753580408162    321.27965176098206
1187.006184864131    266.95968341907377
1187.7370116874458    229.63971507716735
1188.4678385107609    193.3197467352591
1189.198665334076    205.67270280965457
1189.9294921573908    161.67981005144435
1190.6603189807056    143.1033591497532
1191.3911458040207    48.039873367629646
1192.1219726273355    84.7199050257232
1192.8527994506505    -15.600063316185068
1193.5836262739654    40.07996834190848
1194.3144530972804    96.76000000000022
1195.0452799205952    0.10802394366197388
1195.7761067439103    54.47860281690119
1196.5069335672251    -22.162095774648332
1197.2377603905402    91.19720563380216
1197.968587213855    125.55650704225445
1198.69941403717    163.91580845070493
1199.430240860485    138.2751098591554
1200.1610676838    184.6344112676059
1200.8918945071148    174.9937126760564
1201.6227213304296    270.35301408450687
1202.3535481537447    290.7123154929574
1203.0843749770597    342.0716169014078
1203.8152018003746    458.43091830986015
1204.5460286236894    496.7902197183106
1205.2768554470044    587.1495211267611
1206.0076822703195    651.2783830985918
1206.7385090936343    715.9564070422525
1207.4693359169491    881.2274253521125
1208.2001627402642    931.586726760563
1208.930989563579    1028.9460281690135
1209.661816386894    1125.3053295774657
1210.392643210209    1222.6646309859163
1211.123470033524    1320.0239323943667
1211.8542968568388    1328.7025746478862
1212.5851236801539    1406.8805985915487
1213.3159505034687    1473.1018366197181
1214.0467773267837    1616.736646478872
1214.7776041500986    1601.9146704225345
1215.5084309734134    1501.5926943661955
1216.2392577967285    1495.270718309859
1216.9700846200435    1497.9487422535215
1217.7009114433583    1397.6267661971824
1218.4317382666732    1373.304790140845
1219.1625650899882    1297.9828140845057
1219.8933919133033    1343.6608380281682
1220.624218736618    1305.8388619718307
1221.355045559933    1199.5168859154917
1222.085872383248    1249.1949098591551
1222.8166992065628    1152.872933802816
1223.5475260298779    1157.0509577464786
1224.2783528531927    990.2289816901412
1225.0091796765078    953.4070056338019
1225.7400064998226    888.5850295774644
1226.4708333231376    884.7630535211252
1227.2016601464525    859.4410774647879
1227.9324869697675    723.6191014084513
1228.6633137930824    739.2971253521122
1229.3941406163972    704.9751492957747
1230.1249674397122    663.3657690140848
1230.8557942630273    651.3311971830981
1231.5866210863421    620.0092211267606
1232.317447909657    586.6872450704215
1233.048274732972    612.865269014084
1233.779101556287    543.0432929577448
1234.509928379602    506.72131690140833
1235.2407552029167    474.3993408450709
1235.9715820262318    457.07736478873164
1236.7024088495466    451.599481690141
1237.4332356728617    447.933412676055
1238.1640624961765    448.11143661971767
1238.8948893194915    369.78946056338026
1239.6257161428064    375.0366873239429
1240.3565429661214    343.6455084507045
1241.0873697894363    252.7552901408457
1241.8181966127513    240.50155633802788
1242.5490234360661    234.47389295774664
1243.279850259381    218.83319436619712
1244.010677082696    204.19249577464763
1244.741503906011    246.2136521126746
1245.472330729326    162.91109859154858
1246.2031575526407    188.5697000000007
1246.9339843759558    201.24772394366147
1247.6648111992708    154.42574788732406
1248.3956380225857    149.10377183098484
1249.1264648459005    162.7076056338028
1249.8572916692156    136.95981971831003
1250.5881184925304    80.42620845070378
1251.3189453158454    173.8158676056334
1252.0497721391603    68.49389154929418
1252.7805989624753    10.67191549295767
1253.5114257857902    102.86341408450753
1254.2422526091052    80.22271549295802
1254.97307943242    47.582016901408494
1255.703906255735    11.8840112676044
1256.43473307905    1.3006197183094628
1257.165559902365    10.659921126759945
1257.8963867256798    20.418083098590362
1258.6272135489949    57.37852394366273
1259.3580403723097    34.73782535211321
1260.0888671956245    36.452154929577226
1260.8196940189396    29.45642816901418
1261.5505208422546    15.308202816900595
1262.2813476655695    -13.013773239436814
1263.0121744888843    -56.83574929577604
1263.7430013121993    -43.657725352113445
1264.4738281355144    10.020298591550056
1265.2046549588292    -22.3877633802811
1265.935481782144    14.97153802816938
1266.666308605459    1.330839436619863
1267.397135428774    -36.267605633803214
1268.127962252089    -0.09163578655029703
1268.8587890754038    16.59531283475539
1269.5896158987189    -29.65518904979158
1270.3204427220337    13.563034318587777
1271.0512695453488    -2.218742313032866
1271.7820963686636    22.321149771870783
1272.5129231919786    -32.78229557627415
1273.2437500152935    18.435927792105208
1273.9745768386083    -71.13447252529313
1274.7054036619234    -8.953013291013828
1275.4362304852384    -28.90940210275672
1276.1670573085532    -17.69117873437736
1276.897884131868    -37.90863558817865
1277.6287109551831    -18.727176353899345
1278.3595377784982    2.95428288037996
1279.090364601813    21.18171473913825
1279.8211914251278    4.817201348938562
1280.552018248443    40.49866058321605
1281.2828450717577    43.18011981749535
1282.0136718950728    29.05460821265568
1282.7444987183876    29.27283158103504
1283.4753255417027    7.491054949414396
1284.2061523650175    266.90595675461077
1284.9369791883325    414.9275016861731
1285.6678060116474    88.26887522316935
1286.3986328349624    -12.636051577068173
1287.1294596582773    -34.36820630827205
1287.860286481592    -78.18674707399457
1288.5911133049071    13.0186185280699
1289.3219401282222    -93.32382860543596
1290.052766951537    -62.54493473517138
1290.7835937748519    -77.32671136679203
1291.514420598167    -115.27945090259806
1292.245247421482    -67.89026463003331
1292.9760742447968    -61.67204126165395
1293.7069010681116    -41.453817893276415
1294.4377278914267    -141.05361396548358
1295.1685547147415    -136.37215473120608
1295.8993815380566    -155.6906954969268
1296.6302083613714    -85.50923626264748
1297.3610351846864    12.637298948620375
1298.0918620080013    41.85552231699973
1298.8226888313163    28.07374568537909
1299.5535156546312    -11.283399325532088
1300.2843424779462    42.898059908747214
1301.015169301261    96.07951914302652
1301.7459961245759    98.26097837730582
1302.476822947891    43.44243761158513
1303.207649771206    105.1238968458626
1303.9384765945208    88.3053560801419
1304.6693034178356    87.48681531442121
1305.4001302411507    137.1682745487005
1306.1309570644657    207.34973378297983
1306.8617838877806    185.03119301725732
1307.5926107110954    161.71265225153658
1308.3234375344105    173.3941114858159
1309.0542643577253    166.07557072009521
1309.7850911810403    254.34709621106947
1310.5159180043552    194.565319579447
1311.2467448276702    242.6199484229313
1311.977571650985    64.30140765720968
1312.7083984743    129.98286689148898
1313.439225297615    77.43821305296443
1314.17005212093    43.84578536004578
1314.9008789442448    14.027244594325083
1315.6317057675597    -0.9071168418975013
1316.3625325908747    -24.109836937116317
1317.0933594141898    -34.47067010513879
1317.8241862375046    -57.74691846855953
1318.5550130608194    14.934540765719774
1319.2858398841345    -30.384000000000924
1320.0166667074495    -0.04770928813559294
1320.7474935307644    12.303499932201596
1321.4783203540792    -55.35275010169579
1322.2091471773942    1.9909998644059286
1322.939974000709    4.834749830506734
1323.6708008240241    -6.821500203390642
1324.401627647339    -7.437965016950329
1325.132454470654    24.365999728813694
1325.8632812939688    43.20974969491359
1326.594108117284    17.55349966101621
1327.3249349405987    119.89724962711884
1328.0557617639138    206.24099959321873
1328.7865885872286    206.08474955932135
1329.5174154105434    162.92849952542397
1330.2482422338585    158.27224949152387
1330.9790690571735    211.1159994576265
1331.7098958804884    256.9597494237282
1332.4407227038032    360.80349938982897
1333.1715495271183    362.64724935593165
1333.9023763504333    402.49099932203336
1334.6332031737481    414.83474928813416
1335.364029997063    486.6784992542359
1336.094856820378    544.0222492203385
1336.8256836436929    465.8659991864411
1337.556510467008    578.209749152541
1338.2873372903227    614.0534991186437
1339.0181641136378    651.8972490847453
1339.7489909369526    679.7409990508461
1340.4798177602677    770.0847490169488
1341.2106445835825    772.9284989830505
1341.9414714068976    827.2722489491513
1342.6722982302124    860.1159989152529
1343.4031250535274    873.4597488813556
1344.1339518768423    970.3034988474565
1344.8647787001573    1024.1472488135582
1345.5956055234722    1012.9909987796607
1346.326432346787    1059.8347487457606
1347.057259170102    1107.1784987118633
1347.788085993417    1199.5222486779658
1348.518912816732    1336.8659986440675
1349.2497396400468    1447.68391918644
1349.9805664633618    1556.053498576271
1350.7113932866769    1628.2205006101685
1351.4422201099917    1738.7409985084737
1352.1730469333065    1879.757082033897
1352.9038737566216    2009.525372745762
1353.6347005799364    2254.293663457627
1354.3655274032515    2512.0619541694905
1355.0963542265663    2734.8302448813556
1355.8271810498813    2960.598535593219
1356.5580078731962    3368.366826305084
1357.2888346965112    3738.135117016949
1358.019661519826    4112.903407728812
1358.7504883431411    4581.671698440678
1359.481315166456    5077.439989152541
1360.2121419897708    5711.208279864406
1360.9429688130858    6392.976570576271
1361.6737956364009    7137.744861288134
1362.4046224597157    8016.5131519999995
1363.1354492830305    8851.740997966099
1363.8662761063456    9626.049733423728
1364.5971029296607    10462.428497898305
1365.3279297529755    11230.772247864406
1366.0587565762903    12092.615997830508
1366.7895833996054    12831.95974779661
1367.5204102229202    13759.80349776271
1368.2512370462352    14292.147247728812
1368.98206386955    14873.490997694915
1369.7128906928651    15253.834747661014
1370.44371751618    15421.67849762712
1371.174544339495    15534.02224759322
1371.9053711628098    15451.865997559324
1372.636197986125    15188.709747525423
1373.3670248094397    14545.553497491524
1374.0978516327546    14031.397247457628
1374.8286784560696    13426.740997423727
1375.5595052793847    12734.58474738983
1376.2903321026995    11644.928497355932
1377.0211589260143    10783.272247322033
1377.7519857493294    9826.115997288136
1378.4828125726444    9023.959747254237
1379.2136393959593    9500.183838372881
1379.944466219274    7385.64724718644
1380.6752930425891    6679.490997152542
1381.406119865904    5978.834747118643
1382.136946689219    5335.178497084745
1382.8677735125339    4883.022247050847
1383.598600335849    4479.86599701695
1384.3294271591637    4171.20974698305
1385.0602539824788    3828.5534969491523
1385.7910808057936    3566.397246915254
1386.5219076291087    3288.240996881355
1387.2527344524235    3128.5847468474576
1387.9835612757383    2986.428496813559
1388.7143880990534    2884.2722467796602
1389.4452149223685    2797.6159967457615
1390.1760417456833    2249.459746711864
1390.906868568998    2149.803496677965
1391.6376953923132    2064.147246644067
1392.3685222156282    1901.4909966101695
1393.099349038943    1712.8347465762713
1393.8301758622579    1531.6784965423722
1394.561002685573    1448.0222465084748
1395.2918295088878    1394.3659964745764
1396.0226563322028    1278.2097464406772
1396.7534831555176    1173.0534964067788
1397.4843099788327    1066.8972463728815
1398.2151368021475    940.2409963389823
1398.9459636254626    904.5847463050841
1399.6767904487774    901.9284962711866
1400.4076172720925    836.7722462372865
1401.1384440954073    702.1159962033892
1401.8692709187221    613.9597461694918
1402.6000977420372    522.8034961355917
1403.3309245653522    465.14724610169435
1404.061751388667    388.49099606779697
1404.792578211982    412.33474603389686
1405.523405035297    297.6784959999995
1406.254231858612    173.5222459661012
1406.9850586819268    196.86599593220382
1407.7158855052417    166.20974589830462
1408.4467123285567    173.05349586440633
1409.1775391518715    46.89724583050894
1409.9083659751866    64.74099579660884
1410.6391927985014    0.08474576271146361
1411.3700196218165    0.06350822044947457
1412.1008464451313    12.941031533819853
1412.8316732684464    -23.198622190794396
1413.5625000917612    77.66172408459136
1414.2933269150762    50.9785580513997
1415.024153738391    119.38241663536104
1415.754980561706    107.9360829668748
1416.485807385021    130.10310918613072
1417.216634208336    242.96345546151647
1417.9474610316508    341.8238017369004
1418.6782878549657    435.6841480122862
1419.4091146782807    558.5444942876719
1420.1399415015958    592.4048405630558
1420.8707683249106    748.2651868384417
1421.6015951482254    885.1255331138256
1422.3324219715405    983.9858793892113
1423.0632487948553    1074.7237075442504
1423.7940756181704    1175.7024700019874
1424.5249024414852    1315.1812324597254
1425.2557292648003    1385.1599949174636
1425.986556088115    1456.1387573752006
1426.7173829114301    1460.6175198329388
1427.448209734745    1488.5962822906756
1428.17903655806    1781.8686495922918
1428.9098633813749    1564.0538072061518
1429.64069020469    1542.0325696638888
1430.3715170280047    1487.0113321216268
1431.1023438513198    1305.990094579365
1431.8331706746346    1270.468857037102
1432.5639974979495    1075.94761949484
1433.2948243212645    940.926381952577
1434.0256511445796    849.9051444103151
1434.7564779678944    880.6117660707581
1435.4873047912092    650.3626693257902
1436.2181316145243    548.8414317835283
1436.9489584378393    441.3201942412662
1437.6797852611542    415.2989566990033
1438.410612084469    263.27771915674134
1439.141438907784    233.75648161447845
1439.8722657310989    253.73524407221646
1440.603092554414    212.71400652995447
1441.3339193777288    86.69276898769158
1442.0647462010438    48.215228824608396
1442.7955730243586    85.6502939031676
1443.5263998476737    76.93592137537809
1444.2572266709885    92.6078188186409
1444.9880534943036    102.58658127637798
1445.7188803176184    113.51696020153352
1446.4497071409332    43.54410619185401
1447.1805339642483    94.02286864959112
1447.9113607875634    90.09799902768896
1448.6421876108782    91.95834530307471
1449.373014434193    87.95915602280425
1450.103841257508    79.43791848054225
1450.8346680808231    74.53938412922832
1451.565494904138    19.895443396017363
1452.2963217274528    60.26007667999983
1453.0271485507678    54.352968311492475
1453.7579753740827    65.33173076923049
1454.4888021973977    -0.07622120951835054
1455.2196290207125    16.084656542279355
1455.9504558440276    20.809797909905928
1456.6812826673424    -0.1624176846726879
1457.4121094906573    9.464045201851743
1458.1429363139723    2.638826589044164
1458.8737631372874    -74.41816385124369
1459.6045899606022    -82.47515429153155
1460.335416783917    -52.53214473181942
1461.066243607232    -73.58913517210546
1461.7970704305471    -69.64612561239332
1462.527897253862    -14.703116052681182
1463.2587240771768    -56.760106492969044
1463.9895509004918    -30.817096933256906
1464.720377723807    -42.87408737354477
1465.4512045471217    20.068922186167374
1466.1820313704366    17.01193174588133
1466.9128581937516    39.95494130559347
1467.6436850170667    56.89795086530561
1468.3745118403815    161.84096042501776
1469.1053386636963    159.78396998472988
1469.8361654870114    180.72697954444203
1470.5669923103262    256.669989104156
1471.297819133641    324.6129986638681
1472.028645956956    441.55600822358025
1472.7594727802712    474.4990177832924
1473.490299603586    543.4420273430045
1474.2211264269008    599.3850369027167
1474.9519532502159    632.3280464624288
1475.682780073531    748.2710560221428
1476.4136068968457    880.2140655818549
1477.1444337201606    973.157075141567
1477.8752605434756    1072.1000847012792
1478.6060873667907    1130.0430942609914
1479.3369141901055    1202.2579317975756
1480.0677410134203    1252.9291133804174
1480.7985678367354    1321.5108575706236
1481.5293946600505    1349.8151324998416
1482.2602214833653    1333.7637833436725
1482.99104830668    1435.890246230197
1483.7218751299952    1497.644161178978
1484.45270195331    1401.1431720032438
1485.1835287766248    1409.2696348897693
1485.9143555999399    1314.3960977762936
1486.645182423255    1314.0225606628183
1487.3760092465698    1136.1490235493407
1488.1068360698846    1049.7754864358653
1488.8376628931996    963.9019493223896
1489.5684897165147    988.5284122089149
1490.2993165398295    976.6548750954375
1491.0301433631444    847.0742567761032
1491.7609701864594    880.0172663358153
1492.4917970097745    793.9602758955274
1493.2226238330893    641.9032854552396
1493.9534506564041    604.787189528058
1494.6842774797192    569.9136524145833
1495.4151043030342    480.5401153011077
1496.145931126349    435.67532369408997
1496.876757949664    351.61833325380206
1497.607584772979    253.56134281351422
1498.338411596294    269.50435237322637
1499.0692384196086    198.4473619329403
1499.8000652429237    234.39037149265246
1500.5308920662387    153.3333810523646
1501.2617188895535    107.27639061207674
1501.9925457128684    139.2194001717889
1502.7233725361834    125.16240973150101
1503.4541993594985    95.10541929121315
1504.1850261828133    81.04842885092711
1504.9158530061281    46.991438410639255
1505.6466798294432    34.93444797035139
1506.3775066527583    106.87745753006354
1507.108333476073    101.82046708977568
1507.839160299388    122.76347664948781
1508.569987122703    145.70648620920176
1509.300813946018    94.64949576891391
1510.0316407693329    103.59250532862605
1510.7624675926477    94.53551488833818
1511.4932944159627    108.47852444805032
1512.2241212392778    173.42153400776246
1512.9549480625924    191.3645435674746
1513.6857748859074    133.30755312718856
1514.4166017092225    169.2505626869007
1515.1474285325373    217.9546132372601
1515.8782553558522    192.58107612378274
1516.6090821791672    186.20753901030716
1517.3399090024823    237.83400189683158
1518.070735825797    260.96561048546323
1518.801562649112    190.90862004517535
1519.532389472427    249.71339055640397
1520.263216295742    297.8398534429284
1520.9940431190569    269.7376487243118
1521.7248699423717    253.6806582840239
1522.4556967656868    192.7192421024999
1523.1865235890018    177.56667740345
1523.9173504123166    187.97216787554967
1524.6481772356315    160.5986307620741
1525.3790040589465    186.22509364859673
1526.1098308822616    80.33871564229857
1526.8406577055764    22.2817252020107
1527.5714845288912    71.22473476172466
1528.3023113522063    -28.8322556785632
1529.0331381755211    18.110753881148938
1529.763964998836    3.0537634408610757
1530.494791822151    0.05177659723362282
1531.225618645466    -22.95021024639201
1531.9564454687809    15.047802909980536
1532.6872722920957    53.0458160663549
1533.4180991154108    52.04382922272745
1534.1489259387258    110.04184237910181
1534.8797527620407    141.03985553547437
1535.6105795853555    197.03786869184873
1536.3414064086705    233.03588184822127
1537.0722332319856    345.03389500459565
1537.8030600553004    434.0319081609682
1538.5338868786152    476.02992131734254
1539.2647137019303    681.027934473715
1539.9955405252454    817.0259476300895
1540.7263673485602    822.023960786462
1541.457194171875    940.0219739428364
1542.18802099519    1024.019987099209
1542.918847818505    1065.0180002555833
1543.6496746418197    1291.0160134119558
1544.3805014651348    1389.0140265683283
1545.1113282884498    1563.0120397247028
1545.8421551117647    1767.0100528810754
1546.5729819350795    1881.0080660374497
1547.3038087583946    2050.006079193822
1548.0346355817096    2200.0040923501965
1548.7654624050244    2384.002105506569
1549.4962892283393    2587.0001186629434
1550.2271160516543    2787.998131819316
1550.9579428749694    3064.99614497569
1551.6887696982842    3252.994158132063
1552.419596521599    3581.201471420488
1553.150423344914    3772.99018444481
1553.8812501682291    4052.9881976011843
1554.612076991544    4412.416077915914
1555.3429038148588    4673.984223913932
1556.0737306381739    4992.559148912866
1556.8045574614887    5355.980250226678
1557.5353842848035    5629.978263383051
1558.2662111081186    5937.273755408292
1558.9970379314336    6190.345290906768
1559.7278647547485    6531.97230285217
1560.4586915780633    6711.988361903719
1561.1895184013783    6809.559897402194
1561.9203452246934    7128.631432900671
1562.6511720480082    7346.202968399146
1563.381998871323    7519.774503897622
1564.112825694638    7901.960381790411
1564.8436525179532    7717.917574894573
1565.574479341268    7658.989110393048
1566.3053061645828    7623.5606458915245
1567.0361329878979    7578.6321813899995
1567.766959811213    7514.203716888475
1568.4977866345278    7803.948460728651
1569.2286134578426    7062.846787885426
1569.9594402811576    6885.418323383902
1570.6902671044725    6585.489858882377
1571.4210939277873    6409.061394380853
1572.1519207511024    6139.632929879328
1572.8827475744174    5808.204465377805
1573.6135743977322    5548.77600087628
1574.344401221047    5242.847536374757
1575.0752280443621    5451.930579136012
1575.8060548676772    4675.990607371707
1576.536881690992    4501.5621428701825
1577.2677085143068    4369.633678368658
1577.998535337622    4139.205213867133
1578.729362160937    3982.7767493656097
1579.4601889842518    3893.3482848640847
1580.1910158075666    3686.919820362561
1580.9218426308817    3564.991355861038
1581.6526694541967    3599.0628913595137
1582.3834962775115    3553.1344268579887
1583.1143231008264    3458.705962356465
1583.8451499241414    3397.7774978549405
1584.5759767474565    3349.3490333534164
1585.306803570771    3330.4205688518914
1586.0376303940861    3222.992104350367
1586.7684572174012    3155.0636398488427
1587.499284040716    3157.8968027943597
1588.2301108640308    2873.706710845794
1588.960937687346    2810.278246344269
1589.691764510661    2716.349781842745
1590.4225913339758    2546.4213173412204
1591.1534181572906    2636.8868685762277
1591.8842449806057    2551.8848817326
1592.6150718039207    2170.1359238366476
1593.3458986272356    1946.7074593351226
1594.0767254505504    1817.778994833599
1594.8075522738654    1698.350530332074
1595.5383790971805    1685.8749475144684
1596.2692059204953    1502.4936013290253
1597.0000327438102    1330.5651368275016
1597.7308595671252    1248.6366723259766
1598.4616863904403    1103.7082078244516
1599.1925132137549    1066.279743322928
1599.92334003707    1077.851278821403
1600.654166860385    1055.861039609082
1601.3849936836998    968.8590527654544
1602.1158205070146    989.8570659218287
1602.8466473303297    869.8550790782012
1603.5774741536447    913.8530922345757
1604.3083009769596    956.8511053909482
1605.0391278002744    896.8491185473225
1605.7699546235895    956.8471317036951
1606.5007814469045    997.8451448600695
1607.2316082702193    1090.843158016442
1607.9624350935342    1114.8411711728163
1608.6932619168492    1243.839184329189
1609.4240887401643    1305.7812403015866
1610.154915563479    1421.8352106419359
1610.885742386794    1445.8332237983084
1611.616569210109    1492.8312369546827
1612.347396033424    1595.8292501110552
1613.0782228567389    1799.8272632674298
1613.8090496800537    1927.8252764238023
1614.5398765033688    2060.8232895801766
1615.2707033266836    2152.821302736549
1616.0015301499984    2394.8193158929234
1616.7323569733135    2526.817329049296
1617.4631837966285    2840.8153422056703
1618.1940106199434    2977.813355362043
1618.9248374432582    3031.811368518417
1619.6556642665732    3253.80938167479
1620.3864910898883    3523.8073948311644
1621.1173179132031    3624.9258082771958
1621.848144736518    3878.8034211439112
1622.578971559833    4063.0688792741466
1623.309798383148    4373.7994474566585
1624.040625206463    4414.211950271098
1624.7714520297777    4457.283485769574
1625.5022788530928    4629.355021268049
1626.2331056764078    4617.426556766524
1626.9639324997227    4752.789513238525
1627.6947593230375    4521.069627763476
1628.4255861463525    4479.141163261952
1629.1564129696674    4243.212698760427
1629.8872397929822    4121.284234258903
1630.6180666162973    3947.8557697573783
1631.3488934396123    3745.4273052558547
1632.0797202629271    3534.9988407543333
1632.810547086242    3273.0703762528055
1633.541373909557    3091.641911751284
1634.272200732872    2892.71344724976
1635.003027556187    2683.2849827482355
1635.7338543795017    2549.356518246712
1636.4646812028168    2257.928053745187
1637.1955080261318    2083.499589243663
1637.9263348494467    2006.0711247421382
1638.6571616727615    1876.6426602406132
1639.3879884960766    1756.7141957390895
1640.1188153193916    1508.2857312375645
1640.8496421427064    1414.3572667360406
1641.5804689660213    1379.9288022345158
1642.3112957893363    1251.0003377329917
1643.0421226126512    1262.7458026787388
1643.772949435966    985.6434087299431
1644.503776259281    837.7149442284183
1645.234603082596    787.2864797268943
1645.965429905911    691.3580152253695
1646.6962567292258    641.9295507238455
1647.4270835525408    570.5010862223207
1648.1579103758559    476.57262172079686
1648.8887371991707    412.64415721927196
1649.6195640224855    476.7156927177481
1650.3503908458006    369.7259342424733
1651.0812176691156    348.8587637146993
1651.8120444924305    271.72196055522016
1652.5428713157453    264.5018347116506
1653.2736981390603    238.71798686796708
1654.0045249623754    226.1449057086009
1654.7353517856902    196.21644120707697
1655.466178609005    136.78797670555215
1656.19700543232    94.35951220402822
1656.927832255635    117.70805264983345
1657.6586590789498    22.706065806207814
1658.3894859022648    35.70407896258036
1659.1203127255799    51.702092118954724
1659.8511395488947    -34.299894724672725
1660.5819663722095    31.69811843170164
1661.3127931955246    6.696131588074188
1662.0436200188396    -40.5682038081668
1662.7744468421545    -36.3078420991789
1663.5052736654693    22.690171057195467
1664.2361004887844    -25.311815786431985
1664.9669273120994    -31.31380263005762
1665.6977541354142    -50.21052631578914
1666.428580958729    -1.1088027085256482
1667.1594077820441    -65.43264594234202
1667.8902346053592    -88.99107417666958
1668.621061428674    16.450497589001028
1669.3518882519888    2.8920693546734633
1670.082715075304    -0.6663588796559212
1670.813541898619    -89.9984610649438
1671.5443687219336    -24.89673745767758
1672.2751955452486    5.704986149585908
1673.0060223685637    -19.90007181696982
1673.7368491918785    -73.45850005129739
1674.4676760151933    -46.01692828562677
1675.1985028385084    -40.38811942135831
1675.9293296618234    -22.13378475428372
1676.6601564851383    41.30778701138871
1677.390983308453    12.74935877705933
1678.1218101317681    -9.809069457268235
1678.8526369550832    -53.36749769159762
1679.583463778398    -28.925925925925185
1680.3142906017129    0.18194048749598912
1681.045117425028    55.41901445605254
1681.775944248343    32.59148464704049
1682.5067710716578    624.7639548380303
1683.2375978949726    250.9364250290182
1683.9684247182877    568.1088952200062
1684.6992515416027    778.4402500791407
1685.4300783649176    1260.4538356019839
1686.1609051882324    1547.6263057929737
1686.8917320115474    1838.7987759839616
1687.6225588348623    1847.9712461749496
1688.353385658177    1873.1437163659393
1689.0842124814922    1599.3161865569273
1689.8150393048072    1210.488656747917
1690.545866128122    831.661126938905
1691.2766929514369    509.83359712989477
1692.007519774752    214.03743273187615
1692.738346598067    -50.002849002847746
1693.4691734213818    39.35100770286044
1694.2000002446966    -60.476522106151606
1694.9308270680117    -29.62369420702857
1695.6616538913268    -54.663975941752476
1696.3924807146416    -148.20425767648
1697.1233075379564    -156.74453941120666
1697.8541343612715    -71.2848211459342
1698.5849611845865    -29.44170096021844
1699.3157880079013    -112.86538461538476
1700.0466148312162    0.05814647565659037
1700.7774416545312    -28.61447627945633
1701.508268477846    -41.90958813453724
1702.239095301161    -13.959721789680351
1702.969922124476    -73.43905714730465
1703.700748947791    33.69503270009381
1704.4315757711058    -81.4685261600766
1705.1624025944207    -36.98326066646076
1705.8932294177357    -80.49799517284492
1706.6240562410508    -92.01272967922817
1707.3548830643656    -18.52746418561233
1708.0857098876804    10.95780130800351
1708.8165367109955    -41.01332658569481
1709.5473635343105    -2.685949340807733
1710.2781903576254    26.641427904079347
1711.0090171809402    -72.03119485103358
1711.7398440042552    -43.703817606144675
1712.4706708275703    -45.37644036125759
1713.2014976508851    -1.0490631163705144
1713.9323244742    -36.72168587148344
1714.663151297515    -74.39430862659636
1715.3939781208298    4.933068618290726
1716.1248049441447    -59.739554136820374
1716.8556317674597    8.587823108066704
1717.5864585907748    -35.08479964704622
1718.3172854140896    -67.75742240215914
1719.0481122374044    -17.430045157272055
1719.7789390607195    -35.10266791238497
1720.5097658840346    -102.7752906674979
1721.2405927073494    4.552086577391003
1721.9714195306642    5.879463822278082
1722.7022463539793    -17.79315893283484
1723.4330731772943    -15.465781687947757
1724.1639000006091    -24.13840444306068
1724.894726823924    -15.811027198173598
1725.625553647239    -23.4836499532847
1726.356380470554    -40.15627270839762
1727.087207293869    14.17110453648946
1727.8180341171837    -46.50151821862346
1728.5488609404988    132.82585902626363
1729.2796877638136    102.1532362711507
1730.0105145871285    -30.51938648396222
1730.7413414104435    -29.19200923907332
1731.4721682337586    7.135368005813759
1732.2029950570734    -42.53725474929916
1732.9338218803882    -6.2098775044120815
1733.6646487037033    -60.882500259525
1734.3954755270183    -9.555123014637921
1735.1263023503332    -26.227745769749024
1735.857129173648    51.099631475138054
1736.587955996963    0.4270087200251371
1737.318782820278    -6.245614035087783
1738.049609643593    -0.011542012927077794
1738.7804364669078    25.317636195752577
1739.5112632902228    -56.400738688827246
1740.2420901135379    -70.11911357340706
1740.9729169368527    -65.83748845798688
1741.7037437601675    -63.5558633425667
1742.4345705834826    -48.274238227146526
1743.1653974067974    -31.992613111726346
1743.8962242301122    -69.71098799630617
1744.6270510534273    -61.42936288088599
1745.3578778767424    -60.81117266851461
1746.0887047000572    -100.69113573407336
1746.819531523372    -89.58448753462545
1747.550358346687    -108.30286241920527
1748.2811851700021    -55.021237303786904
1749.012011993317    -6.739612188366728
1749.7428388166318    23.542012927053452
1750.4736656399468    -66.47091412742314
1751.2044924632619    15.10526315789381
1751.9353192865767    -42.73084025854065
1752.6661461098915    -90.61080332409941
1753.3969729332066    -99.99076638965815
1754.1277997565217    -91.8707294552169
1754.8586265798365    -4.4866112650052905
1755.5894534031513    -67.63065558633443
1756.3202802264664    20.07663896583507
1757.0511070497814    -17.64173591874475
1757.781933873096    -105.27054478301068
1758.512760696411    -1.078485687904392
1759.2435875197261    4.203139427515787
1759.974414343041    4.4847645429359675
1760.7052411663558    -6.290397045245682
1761.4360679896708    34.82963988919557
1762.166894812986    -16.55032317636319
1762.8977216363007    33.61126500461668
1763.6285484596156    -43.10710987996313
1764.3593752829306    -30.825484764542956
1765.0902021062457    38.9298245614018
1765.8210289295605    38.737765466297404
1766.5518557528753    24.1698984302843
1767.2826825761904    24.301015697137764
1768.0135093995054    52.58264081255794
1768.7443362228203    42.864265927976305
1769.475163046135    66.14589104339649
1770.2059898694501    63.427516158816665
1770.9368166927652    77.70914127423684
1771.66764351608    93.99076638965703
1772.3984703393949    20.272391505077202
1773.12929716271    49.55401662049738
1773.8601239860247    44.83564173591756
1774.5909508093396    8.990304709140746
1775.3217776326546    -59.60110803324208
1776.0526044559697    24.730378578023238
1776.7834312792845    13.962142197598281
1777.5142581025993    11.970452446905734
1778.2450849259144    -26.47460757156136
1778.9759117492295    -4.192982456141181
1779.7067385725443    -0.07179551750184474
1780.437565395859    -11.354117350792828
1781.1683922191742    2.8635608159134627
1781.8992190424892    -104.41876101737753
1782.630045865804    48.55121855675846
1783.3608726891189    -12.299941240662712
1784.091699512434    23.848898961917943
1784.822526335749    -18.002260835503222
1785.5533531590638    -38.853420632922564
1786.2841799823786    0.2954195696562685
1787.0150068056937    -7.555740227763077
1787.7458336290085    -52.40690002518242
1788.4766604523234    13.741940177396412
1789.2074872756384    -7.241979350289178
1789.9383140989535    -32.024301183580164
1790.6691409222683    15.188460785136558
1791.3999677455831    8.411055149835146
1792.1307945688982    -7.37126668345493
1792.8616213922132    45.634981392874884
1793.592448215528    -17.435910350039627
1794.323275038843    26.93266179803437
1795.054101862158    56.081502000615025
1795.784928685473    79.23034220319568
1796.5157555087878    51.93480231679826
1797.2465823321027    46.52802260835517
1797.9774091554177    78.67686281093401
1798.7082359787328    37.82570301351466
1799.4390628020476    16.974543216093494
1800.1698896253624    89.12338341867415
1800.9007164486775    61.24087131704782
1801.6315432719923    68.42106382383363
1802.3623700953071    47.56990402641247
1803.0931969186222    65.39390581717305
1803.8240237419373    46.611583983882056
1804.554850565252    52.32926215059199
1805.285677388567    65.5469403173019
1806.016504211882    92.76461848401092
1806.747331035197    62.98229665071722
1807.4781578585118    76.6117854444716
1808.2089846818267    92.91765298413617
1808.9398115051417    60.135331150845175
1809.6706383284568    42.35300931755147
1810.4014651517716    -10.429312515739522
1811.1322919750864    2.288365650970407
1811.8631187984015    13.50482665995007
1812.5939456217166    12.723721984389346
1813.3247724450314    105.80250706511137
1814.0555992683462    -6.840921682195345
1814.7864260916613    -8.899812529729132
1815.517252914976    -5.905565348776406
1816.248079738291    9.397867875430357
1816.978906561606    -35.45329192199081
1817.709733384921    39.69554828058985
1818.4405602082359    19.844388483168682
1819.1713870315507    9.993228685749337
1819.9022138548657    31.142068888328172
1820.6330406781808    -29.709090909091174
1821.3638675014956    0.044892561983479684
1822.0946943248105    12.798876033058134
1822.8255211481255    25.552859504132787
1823.5563479714406    -107.44132231404721
1824.2871747947554    -27.456198347106366
1825.0180016180702    -86.47107438016553
1825.7488284413853    -19.431206611570417
1826.4796552647003    -13.000826446280206
1827.2104820880152    62.07676033057889
1827.94130891133    -46.0305785123949
1828.672135734645    21.584727272726376
1829.40296255796    22.33871074380103
1830.1337893812747    108.42479338843034
1830.8646162045898    137.4099173553712
1831.5954430279048    146.600661157025
1832.3262698512196    30.354644628099646
1833.0570966745345    1.865289256197352
1833.7879234978495    25.85041322314092
1834.5187503211646    37.61659504132179
1835.2495771444794    38.37057851239644
1835.9804039677942    59.1245619834711
1836.7112307911093    22.790909090907917
1837.4420576144244    26.276033057852395
1838.1728844377392    20.386512396695053
1838.903711261054    -14.85950413223211
1839.634538084369    -6.105520661157458
1840.3653649076841    63.6484628099172
1841.096191730999    102.40244628099185
1841.8270185543138    76.6867768595038
1842.5578453776288    57.910413223141155
1843.288672200944    40.1570247933882
1844.0194990242585    63.418380165288646
1844.7503258475735    -11.872727272726479
1845.4811526708886    -124.88760330578565
1846.2119794942034    37.5975206611552
1846.9428063175183    -10.917355371900324
1847.6736331408333    -13.432231404959484
1848.4044599641484    -13.447107438015912
1849.1352867874632    57.6962644628094
1849.866113610778    12.023140495865768
1850.596940434093    96.2042314049587
1851.3277672574081    109.95821487603337
1852.058594080723    100.71219834710801
1852.7894209040378    51.4636363636364
1853.5202477273529    52.220165289255505
1854.251074550668    20.974148760330156
1854.9819013739827    72.41900826446164
1855.7127281972976    63.404132231402485
1856.4435550206126    35.236099173554116
1857.1743818439277    26.8743801652878
1857.9052086672425    27.859504132228636
1858.6360354905573    48.34462809917221
1859.3668623138724    114.25203305785091
1860.0976891371872    62.31487603305753
1860.828515960502    34.29999999999836
1861.559342783817    -6.249999996725542e-05
1862.2901696071322    -50.300125000001934
1863.020996430447    -76.60018750000026
1863.7518232537618    -73.40025000000223
1864.4826500770769    -81.70031249999965
1865.213476900392    85.9713000000007
1865.9443037237068    -75.30043749999996
1866.6751305470216    -67.10050000000192
1867.4059573703366    -113.40056250000025
1868.1367841936517    -38.20062500000222
1868.8676110169665    36.99931249999945
1869.5984378402813    1.699249999997484
1870.3292646635964    79.55115000000096
1871.0600914869115    67.0991249999981
1871.7909183102263    -17.200937500000236
1872.5217451335411    31.498999999997793
1873.2525719568562    37.19893749999947
1873.983398780171    105.39389999999985
1874.7142256034858    55.59881249999917
1875.4450524268009    51.2987499999972
1876.175879250116    65.499550000001
1876.9067060734308    81.6986249999978
1877.6375328967456    62.89856249999948
1878.3683597200607    134.5984999999975
1879.0991865433757    191.29843749999918
1879.8300133666905    1.4983750000008484
1880.5608401900054    15.198312499998885
1881.2916670133204    50.39825000000055
1882.0224938366355    -16.401812500001412
1882.7533206599503    35.798125000001164
1883.4841474832651    97.9980624999992
1884.2149743065802    -93.30199999999914
1884.9458011298952    52.397937499998896
1885.67662795321    -78.40212499999943
1886.407454776525    -29.7021875000014
1887.13828159984    61.02779999999948
1887.8691084231548    21.697687499998295
1888.5999352464696    3.397625000000879
1889.3307620697847    -15.402437500001085
1890.0615888930997    -38.20249999999942
1890.7924157164146    96.87055000000018
1891.5232425397294    43.197375000000285
1892.2540693630444    51.397312499998314
1892.9848961863595    -45.40275000000001
1893.7157230096743    -13.202812500001983
1894.4465498329891    -33.002874999999406
1895.1773766563042    -18.802937500001377
1895.9082034796193    125.45040000000044
1896.639030302934    -17.403062500001667
1897.369857126249    -23.203125
1898.100683949564    -0.193359375
1898.831510772879    -88.5966796875
1899.5623375961939    56.95654296875
1900.2931644195087    59.509765625
1901.0239912428237    21.56298828125
1901.7548180661386    53.1162109375
1902.4856448894534    53.16943359375
1903.2164717127685    -26.27734375
1903.9472985360835    -8.22412109375
1904.6781253593983    -40.1708984375
1905.4089521827132    6.88232421875
1906.1397790060282    -10.564453125
1906.8706058293433    37.48876953125
1907.601432652658    40.0419921875
1908.332259475973    34.59521484375
1909.063086299288    44.6484375
1909.793913122603    11.70166015625
1910.5247399459179    1.33203125
1911.2555667692327    23.951171875
1911.9863935925478    23.861328125
1912.7172204158628    37.189453125
1913.4480472391776    47.80859375
1914.1788740624925    -43.572265625
1914.9097008858075    4.046875
1915.6405277091226    -46.333984375
1916.3713545324372    -7.71484375
1917.1021813557522    -15.095703125
1917.8330081790673    -7.4765625
1918.5638350023821    -61.857421875
1919.294661825697    -40.23828125
1920.025488649012    -41.619140625
1920.756315472327    -69.0
1921.487142295642    0.0
1922.2179691189567    18.0
1922.9487959422718    -65.0
1923.6796227655868    1.0
