924.5797458675269    -461.4090909090907
925.312037610253    -332.07575757575734
926.0443293529792    -187.40909090909068
926.7766210957053    -153.74242424242402
927.5089128384315    -73.07575757575735
928.2412045811575    -159.07575757575736
928.9734963238836    -93.07575757575735
929.7057880666098    -46.07575757575736
930.4380798093359    -24.40909090909069
931.1703715520621    -16.075757575757354
931.9026632947882    29.924242424242646
932.6349550375144    -49.409090909090686
933.3672467802405    32.92424242424264
934.0995385229667    -75.07575757575735
934.8318302656928    4.590909090909311
935.5641220084188    -22.742424242424022
936.296413751145    48.92424242424264
937.0287054938711    45.590909090909314
937.7609972365973    -26.075757575757354
938.4932889793234    -13.409090909090688
939.2255807220496    0.7325292552564914
939.9578724647757    -39.12585058039512
940.6901642075019    27.682436250617524
941.422455950228    -23.842610251701974
942.1547476929542    -40.36765675402145
942.8870394356803    2.107296743661484
943.6193311784064    -10.417749758658001
944.3516229211325    -46.60946292764415
945.0839146638586    -38.80117609663152
945.8162064065848    9.673777401050204
946.548498149311    57.482064232064054
947.2807898920371    35.2903510630779
948.0130816347632    -10.901362105907046
948.7453733774894    53.24025805843893
949.4776651202155    20.048544889452774
950.2099568629417    5.856831720466616
950.9422486056678    -17.001548115183777
951.6745403483939    -17.52659461750326
952.40683209112    -57.71830778648941
953.1391238338462    -0.576687622143447
953.8714155765723    46.56493254220495
954.6037073192985    -6.9601139601145405
955.3359990620246    0.034312271186507516
956.0682908047507    57.36207183581846
956.8005825474769    -18.310168599545943
957.532874290203    -8.315742368244893
958.2651660329292    33.01201719638706
958.9974577756552    43.673110094354776
959.7297495183814    21.00086965898916
960.4620412611075    150.66196255695445
961.1943330038337    94.32305545492336
961.9266247465598    151.98414835289108
962.658916489286    118.64524125085761
963.3912082320121    41.63966748215743
964.1234999747383    6.300760380125145
964.8557917174644    70.29518661142619
965.5880834601905    5.622946176059365
966.3203752029167    61.95070574069374
967.0526669456427    122.2784653053269
967.7849586883689    159.93955820329342
968.517250431095    219.60065110126115
969.2495421738212    204.59507733256217
969.9818339165473    238.92283689719537
970.7141256592735    241.2505964618285
971.4464174019996    258.5783560264629
972.1787091447258    213.57278225776273
972.9110008874519    295.5672084890626
973.643292630178    374.2283013870315
974.3755843729041    343.22272761833136
975.1078761156302    420.8838205162979
975.8401678583564    410.5449134142655
976.5724596010825    420.5393396455654
977.3047513438087    392.20043254353317
978.0370430865348    470.19485877483413
978.769334829261    534.5226183394685
979.5016265719871    547.8503779041006
980.2339183147133    575.5114708020682
980.9662100574394    602.5058970333693
981.6985018001656    607.1669899313357
982.4307935428916    602.4947494959702
983.1630852856177    609.4891757272711
983.8953770283439    679.1502686252365
984.62766877107    598.4780281898708
985.3599605137962    716.8057877545065
986.0922522565223    699.1335473191384
986.8245439992485    794.1279735504395
987.5568357419746    886.1223997817406
988.2891274847008    953.116826013039
989.0214192274269    891.7779189110069
989.753710970153    982.1056784756424
990.4860027128791    1001.1001047069421
991.2182944556052    1043.4278642715753
991.9505861983314    1067.4222905028764
992.6828779410575    1155.0833834008429
993.4151696837837    1156.4111429654774
994.1474614265098    1183.072235863445
994.879753169236    1243.7333287614115
995.6120449119621    1228.061088326045
996.3443366546883    1368.7221812240125
997.0766283974144    1279.3832741219792
997.8089201401405    1352.0443670199465
998.5412118828666    1349.7054599179144
999.2735036255928    1418.3665528158808
1000.0057953683189    1398.0276457138473
1000.738087111045    1359.3554052784805
1001.4703788537712    1331.3498315097816
1002.2026705964973    1332.0109244077494
1002.9349623392235    1360.6720173057158
1003.6672540819496    1340.9997768703504
1004.3995458246758    1322.99420310165
1005.1318375674018    1313.6552959996163
1005.864129310128    1296.983055564252
1006.5964210528541    1254.6441484622198
1007.3287127955803    1208.3052413601852
1008.0610045383064    1223.2996675914862
1008.7932962810326    1229.9607604894538
1009.5255880237587    1143.9551867207526
1010.2578797664848    1199.6162796187216
1010.990171509211    1178.6107058500227
1011.7224632519371    1198.2717987479875
1012.4547549946633    1035.599558312622
1013.1870467373894    1131.9273178772567
1013.9193384801155    1070.2550774418899
1014.6516302228416    1004.9161703398576
1015.3839219655678    965.9105965711584
1016.1162137082939    921.5716894691237
1016.8485054510201    891.2327823670915
1017.5807971937462    917.5605419317259
1018.3130889364724    869.554968163027
1019.0453806791985    786.2160610609934
1019.7776724219246    760.5438206256277
1020.5099641646507    776.8715801902609
1021.2422559073768    629.1993397548941
1021.974547650103    703.5270993195298
1022.7068393928291    614.8548588841628
1023.4391311355553    562.1826184487961
1024.1714228782814    563.5103780134305
1024.9037146210076    597.171470911397
1025.6360063637337    648.1658971426968
1026.3682981064599    223.82699004066453
1027.100589849186    517.4880829386323
1027.8328815919122    389.8158425032654
1028.5651733346383    412.1436020678986
1029.2974650773644    347.1380282991997
1030.0297568200906    325.46578786383276
1030.7620485628167    286.1268807618005
1031.494340305543    245.12130699310157
1032.226632048269    230.78239989106805
1032.958923790995    125.44349278903456
1033.691215533721    150.77125235366896
1034.4235072764473    160.09901191830332
1035.1557990191734    129.4267714829365
1035.8880907618995    82.08786438090421
1036.6203825046257    48.74895727887193
1037.3526742473518    97.07671684350389
1038.084965990078    -15.928856925195069
1038.8172577328041    -6.601097360559471
1039.5495494755303    53.72666220407248
1040.2818412182564    2.3877551020401975
1041.0141329609826    0.030429240341767045
1041.7464247037087    -25.660229954691214
1042.4787164464349    -52.01755581638964
1043.211008189161    -9.708215011422617
1043.9432999318872    18.26779246021107
1044.6755916746133    -10.422866734820696
1045.4078834173395    -47.113525929852464
1046.1401751600656    -35.4708517915521
1046.8724669027918    -6.161510986583863
1047.604758645518    34.14782981838316
1048.3370503882438    70.12383729001685
1049.06934213097    67.43317809498508
1049.8016338736961    120.74251889995212
1050.5339256164223    112.38519303825369
1051.2662173591484    195.69453384322193
1051.9985091018746    198.00387464818775
1052.7308008446007    212.64654878648926
1053.4630925873269    170.6225562581242
1054.195384330053    191.9318970630912
1054.9276760727791    150.57457120139279
1055.6599678155053    204.21724533969436
1056.3922595582314    180.52658614466017
1057.1245513009576    215.50259361629506
1057.8568430436837    103.47860108792997
1058.5891347864099    157.787941892897
1059.321426529136    88.09728269786524
1060.0537182718622    79.40662350283348
1060.7860100145883    62.049297641132604
1061.5183017573145    53.691971779434176
1062.2505935000404    81.33464591773576
1062.9828852427668    52.64398672270278
1063.7151769854927    -1.3800058056623214
1064.4474687282188    69.59600166597258
1065.179760470945    0.238675804271726
1065.9120522136711    -0.7853167240933724
1066.6443439563973    21.8573574142082
1067.3766356991234    -79.49996844749144
1068.1089274418496    12.476039024143459
1068.8412191845757    -73.54795350422285
1069.5735109273019    -12.905279365922496
1070.305802670028    -12.929271894287593
1071.0380944127542    -44.28659775598723
1071.7703861554803    6.356076382314335
1072.5026778982065    -7.667916146050764
1073.2349696409326    -31.02524200775041
1073.9672613836588    -45.04923453611672
1074.699553126385    -6.739893731148484
1075.431844869111    -33.09721959284813
1076.1641366118372    -16.121212121213222
1076.8964283545633    -0.31940015762493257
1077.6287200972893    20.482411805962144
1078.3610118400156    18.950890436214678
1079.0933035827416    10.08603573313509
1079.8255953254677    81.88784769672338
1080.5578870681938    32.356326326977126
1081.29017881092    -2.8418617094357956
1082.0224705536461    34.293283587484616
1082.7547622963723    -10.904904448928308
1083.4870540390984    -87.7697591520079
1084.2193457818246    5.365386144912513
1084.9516375245507    -3.1661352248337415
1085.6839292672769    11.302343405421217
1086.416221010003    -5.229177964326252
1087.1485127527292    6.239300665927492
1087.8808044954553    -61.292220703818764
1088.6130962381815    25.509591259769525
1089.3453879809076    -17.35526344331006
1090.0776797236338    -21.886784813056313
1090.80997146636    -57.41830618280378
1091.542263209086    -48.94982755254883
1092.2745549518122    -92.81468225562843
1093.0068466945381    2.987129707958663
1093.7391384372645    -19.544391661787593
1094.4714301799904    -106.40924636486717
1095.2037219227166    -68.6074344012801
1095.9360136654427    20.19437756230698
1096.6683054081689    -28.670477140772615
1097.400597150895    -46.201998510517654
1098.1328888936212    -4.733519880263912
1098.8651806363473    -63.26504125001139
1099.5974723790735    -20.12989595309097
1100.3297641217996    -35.66141732283601
1101.0620558645257    -0.006672083519594141
1101.794347607252    15.981406489126519
1102.526639349978    45.969485061776275
1103.2589310927042    44.95756363442481
1103.9912228354303    141.94564220707215
1104.7235145781565    114.60038744638733
1105.4558063208826    154.25513268570376
1106.1880980636088    181.5765445916832
1106.920389806335    267.23128983099963
1107.652681549061    387.88603507031485
1108.3849732917872    516.2074469762966
1109.1172650345134    457.52885888227735
1109.8495567772393    643.5169374549271
1110.5818485199654    774.1716826942411
1111.3141402626916    790.4930946002229
1112.0464320054177    945.8145065062048
1112.7787237481439    1099.8025850788533
1113.51101549087    1147.7906636515006
1114.2433072335962    1303.1120755574836
1114.9755989763223    1463.7668207967988
1115.7078907190485    1612.421566036113
1116.4401824617746    1718.0763112754296
1117.1724742045008    1831.3977231814104
1117.904765947227    1983.719135087392
1118.637057689953    2057.7072136600405
1119.3693494326792    2289.0286255660226
1120.1016411754053    2494.01670413867
1120.8339329181315    2540.338116044653
1121.5662246608576    2704.659527950633
1122.2985164035838    2743.9809398566163
1123.03080814631    2833.302351762597
1123.763099889036    2924.6237636685787
1124.4953916317622    3038.278508907894
1125.2276833744882    3100.933254147208
1125.9599751172143    3123.2546660531902
1126.6922668599404    3256.9094112925063
1127.4245586026666    3217.897489865154
1128.1568503453927    3211.885568437802
1128.889142088119    3223.2069803437857
1129.621433830845    3261.195058916431
1130.3537255735712    3314.5164708224147
1131.0860173162973    3217.17121606173
1131.8183090590235    3196.159294634377
1132.5506008017496    3150.4807065403597
1133.2828925444758    3122.468785113009
1134.015184287202    3129.4568636856566
1134.747476029928    2918.778275591638
1135.4797677726542    2909.766354164287
1136.2120595153804    2768.7544327369346
1136.9443512581065    2749.742511309583
1137.6766430008327    2620.7305898822324
1138.4089347435588    2493.0520017882127
1139.141226486285    2352.0400803608613
1139.873518229011    2144.02815893351
1140.605809971737    2126.3495708394917
1141.3381017144632    1979.3376494121403
1142.0703934571893    1812.9923946514555
1142.8026851999155    1705.3138065574374
1143.5349769426416    1553.9685517967512
1144.2672686853678    1436.2899637027342
1144.999560428094    1305.2780422753817
1145.73185217082    1172.2661208480301
1146.4641439135462    1218.2541994206788
1147.1964356562723    1082.2422779933274
1147.9287273989985    1093.8970232326426
1148.6610191417246    961.5517684719579
1149.3933108844508    925.2065137112718
1150.125602627177    954.8612589505883
1150.857894369903    944.182670856569
1151.5901861126292    966.1707494292174
1152.3224778553554    941.4921613351993
1153.0547695980815    966.1469065745144
1153.7870613408077    961.8016518138296
1154.5193530835338    1031.7897303864781
1155.25164482626    1007.7778089591269
1155.9839365689859    1065.765887531774
1156.7162283117123    1131.087299437757
1157.4485200544382    1087.0753780104044
1158.1808117971643    1127.3967899163863
1158.9131035398905    1259.3848684890347
1159.6453952826166    1267.7062803950168
1160.3776870253428    1381.6943589676641
1161.109978768069    1374.0157708736472
1161.842270510795    1479.0038494462958
1162.5745622535212    1522.991928018943
1163.3068539962474    1634.6466732582583
1164.0391457389735    1748.6347518309078
1164.7714374816996    1812.9561637368872
1165.5037292244258    1903.610908976204
1166.236020967152    2004.2656542155191
1166.968312709878    2042.9203994548332
1167.7006044526042    2110.241811360816
1168.4328961953304    2231.563223266798
1169.1651879380565    2287.5513018394454
1169.8974796807827    2260.5393804120936
1170.6297714235088    2335.1941256514106
1171.3620631662347    2385.51553755739
1172.0943549089611    2351.5036161300395
1172.826646651687    2374.1583613693547
1173.5589383944132    2383.8131066086685
1174.2912301371393    2214.801185181317
1175.0235218798655    2135.1225970873
1175.7558136225916    2088.777342326614
1176.4881053653178    2012.0987542325959
1177.220397108044    1811.4201661385766
1177.95268885077    1745.0749113778932
1178.6849805934962    1577.3963232838742
1179.4172723362224    1424.717735189856
1180.1495640789485    1316.0391470958389
1180.8818558216747    1160.3605590018194
1181.6141475644008    1029.0153042411348
1182.346439307127    900.3367161471166
1183.078731049853    849.9914613864318
1183.8110227925793    705.979539959079
1184.5433145353054    638.6342851983956
1185.2756062780313    415.9556971043762
1186.0078980207577    389.6104423436914
1186.7401897634836    271.59852091633996
1187.47248150621    289.58659948898975
1188.204773248936    201.5746780616358
1188.937064991662    182.56275663428553
1189.6693567343882    46.550835206934096
1190.4016484771143    55.87224711291475
1191.1339402198405    28.860325685563282
1191.8662319625666    -13.484929075120297
1192.5985237052928    -1.496850502474184
1193.330815448019    17.157894736842234
1194.063107190745    0.20890654028857225
1194.7953989334712    60.593251677068245
1195.5276906761974    30.977596813847914
1196.2599824189235    28.028608617295472
1196.9922741616497    0.07962042074059521
1197.7245659043758    99.7972988908536
1198.456857647102    117.51497736096661
1199.1891493898281    226.23265583108082
1199.9214411325543    262.6170009678605
1200.6537328752802    301.0013461046414
1201.3860246180066    316.7190245747544
1202.1183163607325    436.103369711534
1202.8506081034589    493.1543815149792
1203.5828998461848    498.8720599850922
1204.315191588911    685.2564051218718
1205.047483331637    730.6407502586527
1205.7797750743632    946.6917620620992
1206.5120668170894    997.0761071988787
1207.2443585598155    1104.4604523356584
1207.9766503025417    1249.5114641391046
1208.7089420452678    1355.5624759425511
1209.441233787994    1405.9468210793295
1210.17352553072    1559.9978328827772
1210.9058172734462    1697.3821780195578
1211.6381090161724    1794.433189823004
1212.3704007588985    1839.4842016264508
1213.1026925016247    1966.8685467632304
1213.8349842443508    1954.9195585666766
1214.567275987077    2065.637237036791
1215.2995677298031    2149.688248840237
1216.031859472529    2180.405927310349
1216.7641512152554    2131.456939113795
1217.4964429579813    2072.1746175839085
1218.2287347007077    2080.2256293873547
1218.9610264434336    1985.2766411908024
1219.6933181861598    1945.660986327582
1220.425609928886    1892.378664797695
1221.157901671612    1837.096343267808
1221.8901934143382    1726.8140217379196
1222.6224851570644    1704.1983668747007
1223.3547768997905    1555.9160453448137
1224.0870686425167    1534.6337238149279
1224.8193603852428    1526.3514022850406
1225.551652127969    1442.7357474218206
1226.283943870695    1350.1200925586002
1227.0162356134213    1329.50443769538
1227.7485273561474    1260.222116165493
1228.4808190988736    1201.939794635606
1229.2131108415997    1098.657473105719
1229.9454025843258    1152.375151575832
1230.677694327052    872.7594967126116
1231.409986069778    929.8105085160579
1232.1422778125043    905.528186986171
1232.8745695552302    824.9125321229518
1233.6068612979566    780.9635439263981
1234.3391530406825    801.347889063179
1235.0714447834087    777.0655675332908
1235.8037365261348    724.7832460034039
1236.536028268861    717.8342578068501
1237.268320011587    624.8852696102965
1238.0006117543132    557.2696147470774
1238.7329034970394    522.9872932171904
1239.4651952397655    510.70497168730344
1240.1974869824917    440.7559834907497
1240.9297787252178    406.4736619608616
1241.662070467944    398.19134043097455
1242.3943622106701    358.5756855677555
1243.1266539533963    306.9600307045351
1243.8589456961224    322.3443758413148
1244.5912374388486    330.3953876447611
1245.3235291815747    295.4463994482075
1246.0558209243009    264.497411251655
1246.7881126670268    180.8817563884347
1247.5204044097532    199.93276819188102
1248.252696152479    215.650446661994
1248.9849878952054    177.03479179877368
1249.7172796379314    176.41913693555338
1250.4495713806577    145.80348207233305
1251.1818631233837    156.52116054244604
1251.9141548661098    164.23883901256028
1252.646446608836    148.95651748267326
1253.378738351562    105.00752928611962
1254.1110300942883    61.058541089564756
1254.8433218370144    89.44288622634441
1255.5756135797405    29.493898029790756
1256.3079053224667    68.54490983323831
1257.0401970651928    24.26258830335132
1257.772488807919    14.980266773465535
1258.5047805506451    88.69794524357854
1259.2370722933713    45.41562371369155
1259.9693640360974    69.79996885047001
1260.7016557788236    21.18431398724968
1261.4339475215497    94.23532579069723
1262.1662392642756    116.61967092747692
1262.898531007002    67.3373493975899
1263.630822749728    -0.08723044789599162
1264.3631144924543    59.821523039951444
1265.0954062351802    105.39694319446433
1265.8276979779066    24.97236334897843
1266.5599897206325    -29.118883163175344
1267.2922814633587    19.123203658004204
1268.0245732060848    5.365290479184968
1268.756864948811    24.607377300365737
1269.4891566915371    -16.483869211788036
1270.2214484342633    -85.24178239060728
1270.9537401769894    -16.666362236093175
1271.6860319197156    23.909057918420928
1272.4183236624417    82.15114473960048
1273.1506154051679    129.39323156078126
1273.882907147894    84.96865171529413
1274.6151988906201    183.54407186980825
1275.3474906333463    136.786158690989
1276.0797823760724    186.02824551216858
1276.8120741187986    279.6036656666827
1277.5443658615245    233.84575248786345
1278.2766576042509    398.0878393090418
1279.0089493469768    343.9965927968892
1279.7412410897032    437.23867961806997
1280.473532832429    501.4807664392508
1281.2058245751555    557.3895199270983
1281.9381163178814    641.2982734149456
1282.6704080606075    580.5403602361251
1283.4026998033337    561.1157803906393
1284.1349915460598    612.6912005451533
1284.867283288786    551.266620699665
1285.5995750315121    555.1753741875124
1286.3318667742383    553.7507943420266
1287.0641585169644    585.3262144965395
1287.7964502596906    466.5683013177202
1288.5287420024167    465.8103881389009
1289.2610337451429    428.3858082934151
1289.993325487869    364.96122844792916
1290.7256172305952    295.8699819357754
1291.4579089733213    253.11206875695498
1292.1902007160475    247.68748891146905
1292.9224924587736    289.26290906598314
1293.6547842014998    291.5049958871627
1294.3870759442257    210.41374937501016
1295.119367686952    190.6558361961909
1295.851659429678    129.89792301737046
1296.5839511724043    175.14000983855001
1297.3162429151303    245.04876332639742
1298.0485346578564    187.95751681424488
1298.7808264005826    200.19960363542566
1299.5131181433087    223.77502378993972
1300.2454098860348    220.35044394445265
1300.977701628761    294.5925307656334
1301.7099933714871    308.8346175868142
1302.4422851142133    301.0767044079937
1303.1745768569394    315.65212456250663
1303.9068685996656    251.56087805035403
1304.6391603423917    256.13629820486693
1305.3714520851179    255.0450516927144
1306.103743827844    308.6204718472285
1306.8360355705702    316.52922533507586
1307.5683273132963    339.10464548959
1308.3006190560225    264.3467323107708
1309.0329107987486    233.25548579861575
1309.7652025414745    234.1642392864632
1310.497494284201    206.40632610764396
1311.2297860269268    178.64841292882352
1311.9620777696532    213.8904997500043
1312.6943695123791    156.79925323785054
1313.4266612551053    153.70800672569797
1314.1589529978314    178.61676021354538
1314.8912447405576    16.52551370139282
1315.6235364832837    38.76760052257237
1316.3558282260099    50.34302067708648
1317.088119968736    24.918440831600577
1317.8204117114622    14.827194319446798
1318.5527034541883    -93.26405219270578
1319.2849951969145    -77.021965371525
1320.0172869396406    -35.77987855034545
1320.7495786823667    -89.5377917291659
1321.481870425093    -82.62903824131968
1322.214162167819    -6.386951420138909
1322.9464539105452    -49.14486459895813
1323.6787456532713    -34.56944444444404
1324.4110373959975    -0.03370159932660025
1325.1433291387234    11.16870791245872
1325.8756208814498    -45.62888257575717
1326.6079126241757    86.90686026936147
1327.340204366902    186.1092697811456
1328.072496109628    405.3116792929297
1328.8047878523541    534.8474221380484
1329.5370795950803    472.0498316498313
1330.2693713378064    451.91890782828324
1331.0016630805326    359.787984006734
1331.7339548232587    379.6570601851848
1332.4662465659849    447.8594696969701
1333.198538308711    473.39521254208756
1333.9308300514372    551.5976220538728
1334.6631217941633    621.4666982323237
1335.3954135368895    701.6691077441077
1336.1277052796156    761.2048505892266
1336.8599970223418    828.0739267676772
1337.592288765068    882.2763362794625
1338.324580507794    1019.1454124579133
1339.0568722505202    1037.6811553030307
1339.7891639932463    1150.2168981481493
1340.5214557359723    1298.085974326599
1341.2537474786986    1279.2883838383843
1341.9860392214246    1381.4907933501684
1342.718330964151    1376.0265361952854
1343.4506227068769    1477.8956123737378
1344.182914449603    1554.7646885521888
1344.9152061923292    1578.967098063974
1345.6474979350553    1741.5028409090912
1346.3797896777814    1864.0385837542087
1347.1120814205076    2020.5743265993272
1347.8443731632337    2169.7767361111114
1348.57666490596    2271.3124789562303
1349.308956648686    2498.8482218013473
1350.0412483914122    2576.050631313132
1350.7735401341383    2842.5863741582502
1351.5058318768645    3149.1221170033664
1352.2381236195906    3470.657859848485
1352.9704153623168    3838.526936026936
1353.702707105043    4007.7293455387203
1354.434998847769    4596.265088383839
1355.1672905904952    5019.13416456229
1355.8995823332211    5620.003240740742
1356.6318740759475    6190.872316919192
1357.3641658186734    6719.074726430976
1358.0964575613998    7424.9438026094285
1358.8287493041257    8143.146212121211
1359.5610410468519    8854.015288299664
1360.293332789578    9775.884364478114
1361.0256245323042    10618.420107323233
1361.7579162750303    11498.289183501684
1362.4902080177565    12433.158259680136
1363.2224997604826    13414.027335858586
1363.9547915032088    14300.896412037038
1364.687083245935    15333.432154882155
1365.419374988661    16317.634564393942
1366.1516667313872    17195.170307239056
1366.8839584741133    18018.372716750844
1367.6162502168395    18764.575126262625
1368.3485419595656    19648.44420244108
1369.0808337022918    20029.646611952863
1369.813125445018    20463.849021464648
1370.545417187744    20658.7180976431
1371.27770893047    20783.253840488218
1372.0100006731964    20717.45625
1372.7422924159223    20386.991992845116
1373.4745841586487    19878.86106902357
1374.2068759013746    19311.396811868686
1374.9391676441007    18560.26588804714
1375.6714593868269    17614.134964225592
1376.403751129553    16573.337373737377
1377.1360428722792    15498.206449915824
1377.8683346150053    14367.40885942761
1378.6006263577315    13148.277935606062
1379.3329181004576    12110.813678451179
1380.0652098431838    11070.016087962962
1380.79750158591    10023.885164141415
1381.529793328636    9095.420906986534
1382.2620850713622    8187.623316498316
1382.9943768140884    7375.159059343435
1383.7266685568145    6711.694802188552
1384.4589602995406    6188.563878367004
1385.1912520422668    5630.099621212122
1385.923543784993    5057.302030723907
1386.6558355277189    4679.171106902356
1387.3881272704452    4483.706849747477
1388.1204190131712    4153.242592592593
1388.8527107558975    3800.778335437712
1389.5850024986235    3542.980744949495
1390.3172942413496    3362.8498211279452
1391.0495859840757    3123.3855639730646
1391.781877726802    2872.5879734848477
1392.514169469528    2713.7903829966344
1393.2464612122542    2489.992792508417
1393.9787529549803    2353.861868686869
1394.7110446977065    2127.397611531986
1395.4433364404326    2033.9333543771052
1396.1756281831588    1851.4690972222227
1396.907919925885    1752.671506734008
1397.640211668611    1671.2072495791242
1398.3725034113372    1508.742992424244
1399.1047951540634    1463.6120686026934
1399.8370868967895    1317.81447811448
1400.5693786395157    1231.3502209595963
1401.3016703822418    1105.2192971380482
1402.0339621249677    1021.4217066498326
1402.766253867694    917.9574494949487
1403.49854561042    740.4931923400685
1404.2308373531464    609.3622685185181
1404.9631290958723    530.23134469697
1405.6954208385985    466.7670875420875
1406.4277125813246    430.6361637205394
1407.1600043240508    358.8385732323236
1407.892296066777    291.0409827441089
1408.624587809503    134.5767255892251
1409.3568795522292    213.77913510101166
1410.0891712949553    88.98154461279455
1410.8214630376815    50.51728745791441
1411.5537547804076    34.05303030303063
1412.2860465231338    -0.3402203856749389
1413.01833826586    88.26652892561827
1413.750630008586    37.87327823691634
1414.4829217513122    196.14669421487744
1415.2152134940384    230.75344352617185
1415.9475052367645    296.0268595041318
1416.6797969794907    418.3002754820928
1417.4120887222166    482.24035812672065
1418.144380464943    619.180440771352
1418.876672207669    696.7871900826452
1419.6089639503953    895.727272727273
1420.3412556931212    1003.0006887052341
1421.0735474358473    1173.9407713498606
1421.8058391785735    1251.2141873278254
1422.5381309212996    1439.8209366391195
1423.2704226640258    1535.094352617081
1424.002714406752    1600.7011019283739
1424.735006149478    1799.974517906335
1425.4672978922042    1935.9146005509629
1426.1995896349304    1856.1880165289276
1426.9318813776565    1977.794765840221
1427.6641731203827    1974.4015151515152
1428.3964648631088    1964.6749311294761
1429.128756605835    1969.2816804407696
1429.861048348561    1901.8884297520679
1430.5933400912872    1915.161845730029
1431.3256318340134    1782.43526170799
1432.0579235767395    1673.0420110192829
1432.7902153194655    1407.3154269972445
1433.5225070621918    1351.5888429752051
1434.2547988049178    1250.1955922865034
1434.9870905476441    1028.1356749311299
1435.71938229037    875.409090909091
1436.4516740330964    821.3491735537187
1437.1839657758223    726.2892561983454
1437.9162575185487    581.8960055096433
1438.6485492612746    387.1694214876045
1439.3808410040008    340.1095041322322
1440.113132746727    250.04958677685877
1440.845424489453    103.98966942148654
1441.5777162321792    21.59641873278096
1442.3100079749054    50.53650137741236
1443.0422997176315    -1.1900826446277601
1443.7745914603577    -16.583333333333332
1444.5068832030838    0.3158212560386145
1445.23917494581    -5.451690821256105
1445.971466688536    -13.88586956521749
1446.703758431262    -14.320048309178873
1447.4360501739884    -19.087560386473594
1448.1683419167143    -58.52173913043498
1448.9006336594407    33.04408212560364
1449.6329254021666    -6.7234299516910845
1450.365217144893    -71.82427536231914
1451.097508887619    11.741545893719476
1451.8298006303453    27.97403381642476
1452.5620923730712    24.20652173913004
1453.2943841157976    11.772342995168657
1454.0266758585235    104.00483091787392
1454.7589676012497    1.237318840579216
1455.4912593439758    0.4698067632844977
1456.223551086702    -16.96437198067689
1456.955842829428    23.26811594202839
1457.6881345721542    7.16727053140034
1458.4204263148804    28.733091787438955
1459.1527180576065    -8.701086956522431
1459.8850098003327    -36.80193236715048
1460.6173015430588    -6.902777777778534
1461.349593285785    53.996376811593414
1462.081885028511    -0.010062709328559405
1462.8141767712373    127.31683110308036
1463.5464685139632    31.643724915491735
1464.2787602566896    90.63728539456979
1465.0110519994155    125.63084587364536
1465.7433437421419    151.2910730193901
1466.4756354848678    151.95130016513477
1467.2079272275942    271.611527310877
1467.94021897032    215.27175445662172
1468.6725107130464    324.26531493569973
1469.4048024557724    344.25887541477533
1470.1370941984985    396.91910256052125
1470.8693859412247    413.9126630395969
1471.6016776839508    540.5728901853416
1472.333969426677    620.8997839977529
1473.066261169403    737.5600111434951
1473.7985529121293    804.8869049559065
1474.5308446548554    862.5471321016512
1475.2631363975815    953.2073592473936
1475.9954281403077    1063.5342530598048
1476.7277198830338    1097.1944802055496
1477.4600116257598    1224.8547073512918
1478.1923033684861    1319.1816011637031
1478.924595111212    1347.8418283094481
1479.6568868539384    1332.8353887885235
1480.3891785966644    1404.162282600935
1481.1214703393907    1440.155843080013
1481.8537620821166    1489.8160702257553
1482.586053824843    1449.1429640381666
1483.318345567569    1461.469857850578
1484.0506373102953    1433.796751662987
1484.7829290530212    1382.7903121420647
1485.5152207957474    1333.783872621143
1486.2475125384735    1226.1107664335516
1486.9798042811997    1171.770993579298
1487.7120960239258    1048.0978873917068
1488.444387766652    1003.7581145374514
1489.1766795093781    887.7516750165295
1489.9089712521043    849.7452354956049
1490.6412629948304    855.4054626413496
1491.3735547375566    553.7323564537611
1492.1058464802827    604.3925835995033
1492.8381382230086    441.052810745248
1493.570429965735    385.7130378909928
1494.302721708461    192.37326503673498
1495.0350134511873    247.03349218247968
1495.7673051939132    169.36038599489103
1496.4995969366396    83.35394647396664
1497.2318886793655    -19.98582638028866
1497.9641804220919    -33.99226590121064
1498.6964721648178    -59.665372088801696
1499.4287639075442    -89.67181160972366
1500.16105565027    -84.01158446397898
1500.8933473929962    -112.35135731823671
1501.6256391357224    -83.02446350582534
1502.3579308784485    -109.69756969341398
1503.0902226211747    -83.03734254767171
1503.8225143639008    8.289551264740863
1504.554806106627    -43.71688825618353
1505.2870978493531    -1.7233277771055076
1506.0193895920793    -63.39643396469415
1506.7516813348054    -27.40287348561853
1507.4839730775316    -35.40931300654051
1508.2162648202575    23.917580805870852
1508.9485565629839    38.91114128494646
1509.6808483057098    31.238035097357805
1510.4131400484362    116.56492890976916
1511.145431791162    150.8918227221781
1511.8777235338885    237.55204986792282
1512.6100152766144    197.5456103470008
1513.3423070193408    290.53917082607643
1514.0745987620667    310.5327313051545
1514.806890504793    297.8596251175658
1515.539182247519    270.18651892997474
1516.271473990245    222.1800794090528
1517.0037657329713    263.8403065547975
1517.7360574756974    308.8338670338731
1518.4683492184236    279.16076084628446
1519.2006409611497    339.4876546586958
1519.9329327038758    432.1478818044381
1520.665224446602    374.47477561685065
1521.3975161893281    404.4683360959263
1522.1298079320543    206.79522990833763
1522.8620996747804    245.122123720749
1523.5943914175064    190.78235086649124
1524.3266831602327    109.10924467890261
1525.0589749029587    84.10280515798064
1525.791266645685    82.76303230372292
1526.523558388411    99.75659278280095
1527.2558501311373    72.75015326187898
1527.9881418738632    48.410380407621254
1528.7204336165896    30.070607553365942
1529.4527253593155    -0.054106655328207055
1530.185017102042    78.4878458026431
1530.9173088447678    61.029798260616836
1531.649600587494    103.23841738525601
1532.3818923302201    98.78036984322732
1533.1141840729463    164.6556556345332
1533.8464758156724    281.5309414258378
1534.5787675583986    320.40622721714243
1535.3110593011247    490.61484634178413
1536.0433510438509    605.4901321330899
1536.775642786577    635.3654179243935
1537.5079345293032    852.2407037156992
1538.2402262720293    885.115989507005
1538.9725180147552    989.6579419649788
1539.7048097574816    1115.866561089618
1540.4371015002075    1333.7418468809226
1541.169393242934    1440.9504660055607
1541.9016849856598    1664.1590851301999
1542.6339767283862    1789.0343709215056
1543.366268471112    1980.576323379478
1544.0985602138385    2240.451609170784
1544.8308519565644    2487.9935616287567
1545.5631436992908    2710.202180753395
1546.2954354420167    3004.0774665446993
1547.0277271847428    3225.952752336007
1547.760018927469    3440.49470479398
1548.4923106701951    3877.703323918618
1549.2246024129213    4096.5786097099235
1549.9568941556474    4436.1205621678955
1550.6891858983736    4700.329181292534
1551.4214776410997    4937.871133750508
1552.1537693838259    5254.746419541813
1552.886061126552    5529.2883719997835
1553.6183528692782    5926.4969911244225
1554.350644612004    6219.705610249063
1555.0829363547305    6613.247562707037
1555.8152280974564    6820.789515165008
1556.5475198401828    7212.664800956313
1557.2798115829087    7541.873420080951
1558.012103325635    7857.415372538923
1558.744395068361    8141.957324996896
1559.4766868110873    8401.832610788202
1560.2089785538133    8599.374563246174
1560.9412702965396    8867.24984903748
1561.6735620392656    9026.125134828786
1562.4058537819917    9123.333753953424
1563.1381455247179    9277.20903974473
1563.870437267444    9311.084325536036
1564.6027290101702    9432.626277994008
1565.3350207528963    9403.834897118648
1566.0673124956224    9294.71018290995
1566.7996042383486    9301.585468701258
1567.5318959810747    9184.794087825898
1568.264187723801    8891.336040283868
1568.996479466527    8708.544659408508
1569.728771209253    8373.419945199812
1570.4610629519793    8090.295230991119
1571.1933546947052    7796.170516782426
1571.9256464374316    7595.379135907064
1572.6579381801575    7253.921088365035
1573.390229922884    7030.129707489675
1574.1225216656098    6632.004993280982
1574.8548134083362    6304.21361240562
1575.5871051510621    6066.755564863593
1576.3193968937885    5764.9641839882315
1577.0516886365144    5584.506136446204
1577.7839803792406    5365.381422237508
1578.5162721219667    5275.590041362147
1579.2485638646929    5050.465327153455
1579.980855607419    4950.673946278093
1580.7131473501452    4810.549232069398
1581.4454390928713    4764.757851194037
1582.1777308355975    4619.9664703186745
1582.9100225783236    4586.841756109982
1583.6423143210498    4435.71704190129
1584.374606063776    4372.258994359259
1585.1068978065018    4310.134280150564
1585.8391895492282    4140.676232608538
1586.5714812919541    4076.8848517331753
1587.3037730346805    3910.0934708578156
1588.0360647774064    3762.9687566491216
1588.7683565201328    3699.8440424404266
1589.5006482628587    3492.7193282317326
1590.232940005585    3263.9279473563715
1590.965231748311    3094.1365664810087
1591.6975234910374    2978.3451856056495
1592.4298152337633    2765.2204713969554
1593.1621069764894    2595.0957571882604
1593.8943987192156    2501.3043763128985
1594.6266904619417    2319.1796621042045
1595.3589822046679    2216.7216145621774
1596.091273947394    2056.5969003534838
1596.8235656901202    1979.1388528114549
1597.5558574328463    1872.6808052694262
1598.2881491755725    1850.8894243940656
1599.0204409182986    1715.0980435187073
1599.7527326610248    1698.9733293100116
1600.4850244037507    1568.8486151013165
1601.217316146477    1629.0572342259557
1601.949607889203    1709.93252001726
1602.6818996319294    1653.1411391418994
1603.4141913746553    1682.6830915998733
1604.1464831173816    1717.2250440578457
1604.8787748601076    1718.4336631824835
1605.611066602834    1780.3089489737895
1606.3433583455599    1845.8509014317608
1607.0756500882862    2077.0595205564014
1607.8079418310122    2048.601473014374
1608.5402335737383    2119.1434254723463
1609.2725253164645    2300.3520445969843
1610.0048170591906    2408.8939970549554
1610.7371088019167    2507.769282846261
1611.469400544643    2639.9779019709017
1612.201692287369    2794.1865210955407
1612.9339840300952    3028.0618068868457
1613.6662757728213    3227.603759344817
1614.3985675155475    3430.8123784694562
1615.1308592582736    3591.687664260764
1615.8631510009996    3701.5629500520677
1616.595442743726    3827.7715691767066
1617.3277344864518    4002.6468549680126
1618.0600262291782    4177.188807425984
1618.7923179719041    4399.397426550623
1619.5246097146305    4607.939379008597
1620.2569014573564    4890.481331466568
1620.9891932000828    4976.356617257875
1621.7214849428087    5191.23190304918
1622.453776685535    5357.440522173816
1623.186068428261    5430.315807965126
1623.9183601709872    5464.191093756432
1624.6506519137133    5667.733046214402
1625.3829436564395    5665.608332005708
1626.1152353991656    5738.150284463679
1626.8475271418918    5738.025570254984
1627.579818884618    5556.234189379626
1628.312110627344    5455.7761418375985
1629.0444023700702    5224.651427628902
1629.7766941127963    5072.193380086875
1630.5089858555225    4891.068665878181
1631.2412775982484    4668.6106183361535
1631.9735693409748    4367.152570794125
1632.7058610837007    4102.6945232520975
1633.438152826427    3942.5698090434034
1634.170444569153    3701.778428168041
1634.9027363118794    3452.653713959346
1635.6350280546053    3238.195666417321
1636.3673197973317    3031.0709522086254
1637.0996115400576    2823.9462379999313
1637.831903282784    2684.488190457903
1638.56419502551    2477.6968095825405
1639.296486768236    2324.2387620405157
1640.0287785109622    2149.1140478318216
1640.7610702536883    2042.656000289793
1641.4933619964145    1843.197952747764
1642.2256537391406    1820.4065718724032
1642.9579454818668    1655.281857663708
1643.690237224593    1506.4904767883497
1644.422528967319    1470.365762579654
1645.1548207100452    1286.9077150376254
1645.8871124527714    1200.449667495598
1646.6194041954975    1101.9916199535705
1647.3516959382237    957.533572411543
1648.0839876809496    977.7421915361823
1648.816279423676    854.9508106608214
1649.5485711664019    793.1594297854593
1650.2808629091282    792.0347155767653
1651.0131546518542    694.91000136807
1651.7454463945805    647.1186204927103
1652.4777381373065    705.6605729506828
1653.2100298800328    542.2025254086553
1653.9423216227588    467.0778111999587
1654.674613365485    536.9530969912646
1655.406905108211    477.8283827825728
1656.1391968509372    392.0370019072108
1656.8714885936633    393.24562103184877
1657.6037803363895    278.12090682315466
1658.3360720791156    240.66285928112598
1659.0683638218418    271.5381450724318
1659.800655564568    222.74676419707342
1660.532947307294    204.95538332171017
1661.2652390500202    259.16400244634934
1661.9975307927464    394.37262157098854
1662.7298225354725    191.91457402895983
1663.4621142781984    1271.7898598202669
1664.1944060209248    272.66514561157277
1664.9266977636507    439.5404314028786
1665.658989506377    324.4157171941833
1666.391281249103    487.62433631882124
1667.1235729918294    512.8329554434605
1667.8558647345553    117.37490790143416
1668.5881564772817    186.25019369274
1669.3204482200076    132.12547948404585
1670.0527399627338    178.66743194201595
1670.78503170546    57.209384399988465
1671.517323448186    86.08467019129675
1672.2496151909122    72.29328931593471
1672.9819069336384    77.50190844057269
1673.7141986763645    80.71052756521188
1674.4464904190907    33.919146689849846
1675.1787821618168    50.12776581448904
1675.911073904543    108.0030516057961
1676.643365647269    60.87833739710074
1677.3756573899952    21.75362318840659
1678.1079491327214    0.09793492581772718
1678.8402408754473    20.442246663232503
1679.5725326181737    22.453225067309095
1680.3048243608996    -4.535796528613095
1681.037116103626    -45.524818124532864
1681.769407846352    -43.51383972045385
1682.5016995890783    0.8304720169560795
1683.2339913318042    13.174783754367219
1683.9662830745306    4.18576215844745
1684.6985748172565    -56.80325943747352
1685.4308665599826    -19.792281033395728
1686.1631583027088    -49.44796929598338
1686.895450045435    -49.43699089190557
1687.627741788161    145.90732084550677
1688.3600335308872    60.91829924958702
1689.0923252736134    17.26261098699816
1689.8246170163395    -71.72641060892525
1690.5569087590657    -91.04876553817957
1691.2892005017918    -59.37112046743268
1692.021492244518    -0.3601420633548618
1692.753783987244    -17.015830325944943
1693.4860757299703    -52.33818525519683
1694.2183674726962    -100.99387351778569
1694.9506592154225    -4.649561780374547
1695.6829509581485    -55.638583376293106
1696.4152427008748    8.039061694450155
1697.1475344436008    -41.28329323480537
1697.8798261863271    -36.60564816405847
1698.612117929053    58.07199690668721
1699.3444096717794    -5.91702468923619
1700.0767014145054    -26.23937961849172
1700.8089931572315    -63.895067881078155
1701.5412848999576    -103.55075614366581
1702.2735766426838    -91.20644440625466
1703.00586838541    -140.19546600217566
1703.738160128136    -123.51782093143117
1704.4704518708622    -69.50684252735216
1705.2027436135884    -9.162530789938591
1705.9350353563145    -48.818219052527446
1706.6673270990407    -73.47390731511753
1707.3996188417668    -75.12959557770517
1708.131910584493    -7.11861717362495
1708.8642023272191    64.22569456378619
1709.596494069945    128.57000630119612
1710.3287858126714    108.24765137194424
1711.0610775553973    146.59196310935536
1711.7933692981237    203.9362748467665
1712.5256610408496    244.61391991751464
1713.257952783576    309.6248983215912
1713.990244526302    360.96921005900236
1714.7225362690283    310.6468551297492
1715.4548280117542    300.3245002004949
1716.1871197544806    384.00214527123813
1716.9194114972065    396.67979034198265
1717.6517032399327    308.02410207939624
1718.3839949826588    287.03508048347527
1719.116286725385    245.3793922208864
1719.848578468111    286.05703729163207
1720.5808702108372    272.0680156957099
1721.3131619535634    208.74566076645556
1722.0454536962895    164.08997250386912
1722.7777454390157    215.43428424128032
1723.5100371817418    182.44526264535685
1724.242328924468    154.45624104943587
1724.974620667194    239.13388612018278
1725.7069124099203    160.47819785759393
1726.4392041526462    90.15584292833717
1727.1714958953726    35.50015466575196
1727.9037876380985    37.51113306982976
1728.6360793808249    -15.811221859425766
1729.3683711235508    -5.466910122012199
1730.1006628662772    0.8774016153989391
1730.832954609003    -83.77828664718992
1731.5652463517295    -87.43397490977635
1732.2975380944554    -90.089663172364
1733.0298298371815    -121.07868476828742
1733.7621215799077    -98.73437303087627
1734.4944133226338    -93.72339462679604
1735.22670506536    -109.3790828893837
1735.958996808086    -112.36810448530588
1736.6912885508123    -64.69045941456021
1737.4235802935384    -98.34614767714906
1738.1558720362646    -155.0018359397367
1738.8881637789907    -133.65752420232312
1739.6204555217168    -115.313212464912
1740.3527472644428    -83.96890072750207
1741.0850390071691    -98.95792232342306
1741.817330749895    -52.613610586009486
1742.5496224926214    -105.26929884859835
1743.2819142353474    -99.92498711118843
1744.0142059780737    -10.914008707106982
1744.7464977207997    -131.90303030302917
1745.478789463526    0.044495418001888866
1746.211081206252    -86.00797886096461
1746.9433729489783    -7.060453139933557
1747.6756646917042    -12.44626075223461
1748.4079564344304    20.16793163546556
1749.1402481771565    56.7821240231645
1749.8725399198827    106.0629830775289
1750.6048316626088    60.343842131895734
1751.337123405335    28.958034519593458
1752.0694151480611    -14.094439759375467
1752.8017068907873    38.18641929499257
1753.5339986335134    101.46727834935696
1754.2662903762396    31.0814707370547
1754.9985821189657    42.028996458088194
1755.7308738616916    -12.356811154214071
1756.463165604418    -16.74261876651391
1757.195457347144    -9.128426378814963
1757.9277490898703    24.152432675550646
1758.6600408325962    -15.233374936749192
1759.3923325753226    66.71415078428187
1760.1246243180485    7.995009838646278
1760.856916060775    -66.39079777365356
1761.5892078035008    55.5567279473775
1762.3214995462272    -47.49574633159142
1763.053791288953    -4.21488727722339
1763.7860830316793    226.06597177714102
1764.5183747744054    135.68016416483874
1765.2506665171315    107.29435655254012
1765.9829582598577    -19.091451059762154
1766.7152500025838    -39.477258672064416
1767.44754174531    -16.52973295102971
1768.1798334880361    -95.24887389666532
1768.9121252307623    -109.63468150896756
1769.6444169734884    -68.35382245460075
1770.3767087162146    -89.73963006690302
1771.1090004589405    -89.79210434587195
1771.8412922016669    -111.51124529150512
1772.5735839443928    -53.56371957047284
1773.3058756871192    -175.61619384944058
1774.038167429845    -51.66866812840707
1774.7704591725715    -26.054475740709336
1775.5027509152974    17.559716646990825
1776.2350426580238    -53.15942429864478
1776.9673344007497    -46.878565244280374
1777.699626143476    -78.59770618991233
1778.431917886202    4.349819531118733
1779.1642096289281    -32.36932141451687
1779.8965013716543    -64.7551290268167
1780.6287931143804    27.192396694214356
1781.3610848571066    -13.193410918086693
1782.0933765998327    -60.57921853038653
1782.8256683425589    -1.9650261426875844
1783.557960085285    65.64916624501015
1784.2902518280112    -15.403308033956359
1785.0225435707373    -109.78911564625862
1785.7548353134634    -0.12457587116479181
1786.4871270561894    -41.12670276273763
1787.2194187989157    -33.128829654310465
1787.9517105416417    -74.46428987921662
1788.684002284368    -29.133083437454903
1789.416294027094    -72.13521032902774
1790.1485857698203    -20.47067055393633
1790.8808775125462    -79.80613077884249
1791.6131692552726    -37.80825767041654
1792.3454609979985    9.8562821046773
1793.077752740725    -73.8125114535622
1793.8100444834508    24.518694988198305
1794.542336226177    -10.150098570039981
1795.2746279689031    -8.818892128279478
1796.0069197116293    81.84564764681436
1796.7392114543554    -54.4898125780918
1797.4715031970816    -43.15860613633131
1798.2037949398077    -58.49406636123748
1798.9360866825339    -83.49619325281274
1799.66837842526    -80.16498681105223
1800.4006701679862    -68.50044703595718
1801.1329619107123    -13.50257392753001
1801.8652536534382    -3.8380341524361703
1802.5975453961646    19.493172289324328
1803.3298371388905    21.15771206441695
1804.062128881617    -10.844414827155882
1804.7944206243428    -0.17987505206204682
1805.5267123670692    -43.18200194363488
1806.2590041097951    71.8158711647935
1806.9912958525215    51.147077606554
1807.7235875952474    -46.521715951687916
1808.4558793379738    89.80949049007258
1809.1881710806997    48.80736359849974
1809.9204628234259    8.471903373593584
1810.652754566152    46.469776482020755
1811.3850463088781    49.13431625711459
1812.1173380516043    -13.534477301123696
1812.8496297943304    3.1300624739701406
1813.5819215370566    49.79460224906398
1814.3142132797827    61.79247535749115
1815.0465050225089    7.123681799250435
1815.778796765235    26.454888241010934
1816.5110885079612    -40.88057198389766
1817.243380250687    36.11730112452951
1817.9756719934135    51.115174232957905
1818.7079637361394    55.446380674718405
1819.4402554788658    -20.222412883521102
1820.1725472215917    -14.891206441760596
1820.904838964318    -56.560000000000095
1821.637130707044    0.35475772357725255
1822.3694224497704    -56.39715121951207
1823.1017141924963    -11.149060162602595
1823.8340059352226    -71.90096910569191
1824.5662976779486    -48.31954471544668
1825.2985894206747    -40.73812032520266
1826.0308811634009    18.50997073170802
1826.763172906127    13.424728455284148
1827.4954646488532    -50.32718048780517
1828.2277563915793    -65.74575609756114
1828.9600481343055    -46.49766504065047
1829.6923398770316    -17.582907317073115
1830.4246316197577    21.998517073170902
1831.156923362484    -5.086725203251747
1831.88921510521    24.828032520325603
1832.621506847936    -24.923876422763716
1833.3537985906623    52.32421463414696
1834.0860903333883    46.90563902438978
1834.8183820761146    83.82039674796711
1835.5506738188406    24.068487804877808
1836.282965561567    43.983245528456365
1837.0152573042928    -96.76866341463295
1837.7475490470192    -26.18723902439014
1838.4798407897451    13.7275186991872
1839.2121325324715    63.64227642276455
1839.9444242751974    -0.016966091612142502
1840.6767160179236    -21.009541939322173
1841.4090077606497    11.664548879634472
1842.1412995033759    -65.66136030140648
1842.873591246102    14.01273051754774
1843.6058829888282    -81.97984533015985
1844.3381747315543    -107.30575451120444
1845.0704664742805    -118.96499702557992
1845.8027582170066    -128.62423953995662
1846.5350499597328    -151.61681538766544
1847.267341702459    -139.94272456871
1847.9996334451848    -56.9353004164176
1848.7319251879112    70.07212373587116
1849.4642169306371    1.0795478881623428
1850.1965086733635    79.0869720404523
1850.9288004160894    10.761062859410155
1851.6610921588158    74.43515367836558
1852.3933839015417    53.10924449732344
1853.125675644268    0.11666864961340788
1853.857967386994    68.45742613523792
1854.5902591297204    40.79818362086001
1855.3225508724463    84.13894110648452
1856.0548426151724    30.81303192544117
1856.7871343578986    27.820456077732356
1857.5194261006247    127.82788023002111
1858.251717843351    113.16863771564563
1858.984009586077    -12.823938132064407
1859.7163013288032    15.18348602022678
1860.4485930715293    70.52424350584889
1861.1808848142555    45.53166765814128
1861.9131765569816    -7.460908189569968
1862.6454682997078    52.21318262938788
1863.3777600424337    -18.446059884988813
1864.11005178516    -45.1053023993643
1864.842343527886    -58.43121158040888
1865.5746352706124    -231.75712076144984
1866.3069270133383    -15.083029942495594
1867.0392187560647    -67.0756057902032
1867.7715104987906    -15.068181637913227
1868.503802241517    13.272575847710074
1869.2360939842429    -12.386666666666619
1869.9683857269692    0.29213333333333136
1870.7006774696952    54.30426666666782
1871.4329692124213    52.98306666666656
1872.1652609551475    19.995199999999848
1872.8975526978736    4.0073333333331265
1873.6298444405998    6.6861333333342925
1874.362136183326    92.03159999999968
1875.094427926052    64.71039999999964
1875.8267196687782    107.38920000000081
1876.5590114115043    87.06800000000077
1877.2913031542305    106.08013333333282
1878.0235948969566    80.42559999999945
1878.7558866396826    44.1044000000006
1879.488178382409    12.116533333333885
1880.2204701251349    56.461999999999286
1880.9527618678612    56.14079999999924
1881.6850536105871    -39.1803999999996
1882.4173453533135    5.498400000000352
1883.1496370960394    30.843866666665757
1883.8819288387658    33.189333333333586
1884.6142205814917    -39.13186666666646
1885.346512324218    17.880266666666824
1886.078804066944    19.559066666665554
1886.8110958096702    -26.095466666666614
1887.5433875523963    -15.083333333333334
1888.2756792951225    -0.828125
1889.0079710378486    92.76041666666667
1889.7402627805748    43.015625
1890.472554523301    37.270833333333336
1891.204846266027    16.192708333333332
1891.9371380087532    41.78125
1892.6694297514794    37.369791666666664
1893.4017214942055    54.958333333333336
1894.1340132369314    57.880208333333336
1894.8663049796578    42.802083333333336
1895.5985967223837    23.723958333333332
1896.33088846511    20.979166666666668
1897.063180207836    -39.098958333333336
1897.7954719505624    -36.84375
1898.5277636932883    -46.255208333333336
1899.2600554360147    -29.333333333333332
1899.9923471787406    0.0
1900.724638921467    -48.333333333333336
1901.456930664193    -38.666666666666664
1902.189222406919    35.666666666666664
1902.9215141496452    -32.333333333333336
1903.6538058923713    -0.6666666666666666
1904.3860976350975    -9.0
1905.1183893778236    122.0
