924.5797458675269    -494.0909090909081
925.312037610253    -506.0909090909081
926.0443293529792    -328.0909090909081
926.7766210957053    -241.0909090909081
927.5089128384315    -96.0909090909081
928.2412045811575    -217.0909090909081
928.9734963238836    -187.0909090909081
929.7057880666098    -121.0909090909081
930.4380798093359    -64.0909090909081
931.1703715520621    11.909090909091901
931.9026632947882    -55.0909090909081
932.6349550375144    -152.0909090909081
933.3672467802405    69.9090909090919
934.0995385229667    -122.0909090909081
934.8318302656928    -11.090909090908099
935.5641220084188    -15.090909090908099
936.296413751145    -4.090909090908099
937.0287054938711    0.9090909090919013
937.7609972365973    -51.0909090909081
938.4932889793234    -29.0909090909081
939.2255807220496    0.7325292552564914
939.9578724647757    -64.28000282545491
940.6901642075019    25.62545030726985
941.422455950228    -96.46909656000538
942.1547476929542    -72.56364342728061
942.8870394356803    -0.6581902945521998
943.6193311784064    -10.417749758658001
944.3516229211325    -8.84728402910266
945.0839146638586    31.058169103622113
945.8162064065848    9.673777401050204
946.548498149311    57.482064232064054
947.2807898920371    35.2903510630779
948.0130816347632    -42.32001836547153
948.7453733774894    53.24025805843893
949.4776651202155    9.49088789997801
950.2099568629417    -78.60365896729722
950.9422486056678    -74.69820583456881
951.6745403483939    -0.7927527018440408
952.40683209112    -56.88729956911927
953.1391238338462    -7.981846436394498
953.8714155765723    59.923606696333906
954.6037073192985    -2.1709401709413214
955.3359990620246    0.018555044196078896
956.0682908047507    -1.791949740670157
956.8005825474769    -39.60245452553276
957.532874290203    -64.41295931039535
958.2651660329292    33.01201719638706
958.9974577756552    -44.03396888012419
959.7297495183814    38.15552633501321
960.4620412611075    101.34502155014697
961.1943330038337    -7.4654832347156255
961.9266247465598    38.72401198042178
962.658916489286    135.9135071955592
963.3912082320121    -5.896997589307061
964.1234999747383    -114.70750237416966
964.8557917174644    84.48199284096773
965.5880834601905    -83.32851194389849
966.3203752029167    -58.13901672876109
967.0526669456427    70.0504784863763
967.7849586883689    159.93955820329342
968.517250431095    219.60065110126115
969.2495421738212    204.59507733256217
969.9818339165473    269.80845934691865
970.7141256592735    241.2505964618285
971.4464174019996    207.18744977719345
972.1787091447258    202.3769449923272
972.9110008874519    202.5664402074646
973.643292630178    347.755935422602
974.3755843729041    258.94543063773574
975.1078761156302    429.13492585287315
975.8401678583564    422.32442106801057
976.5724596010825    470.51391628314434
977.3047513438087    328.70341149828175
978.0370430865348    500.8929067134191
978.769334829261    555.0824019285566
979.5016265719871    588.2718971436904
980.2339183147133    575.5114708020682
980.9662100574394    626.6508875739651
981.6985018001656    607.1669899313357
982.4307935428916    554.0298780042363
983.1630852856177    631.2193732193737
983.8953770283439    680.4088684345074
984.62766877107    593.5983636496449
985.3599605137962    708.7878588647823
986.0922522565223    725.977354079916
986.8245439992485    740.1668492950533
987.5568357419746    833.3563445101908
988.2891274847008    953.116826013039
989.0214192274269    891.7779189110069
989.753710970153    1011.9248301555994
990.4860027128791    1050.1143253707367
991.2182944556052    1083.3038205858704
991.9505861983314    1067.4222905028764
992.6828779410575    1233.6828110161453
993.4151696837837    1174.872306231279
994.1474614265098    1210.0618014464164
994.879753169236    1292.2512966615539
995.6120449119621    1228.061088326045
996.3443366546883    1368.7221812240125
997.0766283974144    1331.8197823069625
997.8089201401405    1352.0443670199465
998.5412118828666    1427.1987727372336
999.2735036255928    1500.388267952371
1000.0057953683189    1398.0276457138473
1000.738087111045    1461.7672583826422
1001.4703788537712    1360.9567535977797
1002.2026705964973    1332.0109244077494
1002.9349623392235    1445.3357440280508
1003.6672540819496    1340.9997768703504
1004.3995458246758    1322.99420310165
1005.1318375674018    1334.9042296734592
1005.864129310128    1296.983055564252
1006.5964210528541    1318.283220103734
1007.3287127955803    1300.4727153188678
1008.0610045383064    1285.6622105340052
1008.7932962810326    1229.9607604894538
1009.5255880237587    1166.0412009642764
1010.2578797664848    1264.2306961794138
1010.990171509211    1240.4201913945512
1011.7224632519371    1284.609686609685
1012.4547549946633    1045.7991818248224
1013.1870467373894    1174.9886770399598
1013.9193384801155    1110.1781722550936
1014.6516302228416    1004.9161703398576
1015.3839219655678    1013.5571626853684
1016.1162137082939    951.7466579005021
1016.8485054510201    832.9361531156395
1017.5807971937462    903.1256483307769
1018.3130889364724    859.3151435459143
1019.0453806791985    761.5046387610481
1019.7776724219246    780.6941339761855
1020.5099641646507    732.8836291913229
1021.2422559073768    582.0731244064567
1021.974547650103    708.2626196215941
1022.7068393928291    613.4521148367314
1023.4391311355553    535.6416100518652
1024.1714228782814    518.8311052670026
1024.9037146210076    597.171470911397
1025.6360063637337    648.1658971426968
1026.3682981064599    223.82699004066453
1027.100589849186    478.5890861275486
1027.8328815919122    338.7785813426824
1028.5651733346383    412.1436020678986
1029.2974650773644    359.15757177295717
1030.0297568200906    325.46578786383276
1030.7620485628167    193.53656220322833
1031.494340305543    269.7260574183657
1032.226632048269    218.9155526334995
1032.958923790995    126.1050478486369
1033.691215533721    162.2945430637743
1034.4235072764473    145.48403827890806
1035.1557990191734    129.4267714829365
1035.8880907618995    35.86302870918287
1036.6203825046257    24.05252392432027
1037.3526742473518    97.07671684350389
1038.084965990078    -65.56848564540857
1038.8172577328041    -110.37899043027116
1039.5495494755303    81.8105047848626
1040.2818412182564    -36.0
1041.0141329609826    0.030429240341767045
1041.7464247037087    -177.60296846011136
1042.4787164464349    -150.404452690167
1043.211008189161    -112.20593692022268
1043.9432999318872    -24.00742115027836
1044.6755916746133    -140.80890538033404
1045.4078834173395    -197.61038961038972
1046.1401751600656    -156.41187384044537
1046.8724669027918    -101.21335807050104
1047.604758645518    -37.01484230055672
1048.3370503882438    70.12383729001685
1049.06934213097    48.382189239331936
1049.8016338736961    120.74251889995212
1050.5339256164223    90.7792207792206
1051.2662173591484    191.97773654916492
1051.9985091018746    208.17625231910924
1052.7308008446007    180.3747680890536
1053.4630925873269    82.5732838589979
1054.195384330053    207.77179962894223
1054.9276760727791    83.97031539888656
1055.6599678155053    201.16883116883088
1056.3922595582314    216.3673469387752
1057.1245513009576    211.56586270871955
1057.8568430436837    103.47860108792997
1058.5891347864099    157.787941892897
1059.321426529136    88.09728269786524
1060.0537182718622    79.40662350283348
1060.7860100145883    -6.4415584415588185
1061.5183017573145    -19.243042671614493
1062.2505935000404    101.95547309832983
1062.9828852427668    27.153988868274162
1063.7151769854927    23.35250463821849
1064.4474687282188    69.59600166597258
1065.179760470945    -10.25046382189285
1065.9120522136711    -73.05194805194853
1066.6443439563973    -0.8534322820041957
1067.3766356991234    -183.65491651205986
1068.1089274418496    12.476039024143459
1068.8412191845757    -53.25788497217121
1069.5735109273019    66.94063079777311
1070.305802670028    -12.929271894287593
1071.0380944127542    -105.66233766233823
1071.7703861554803    6.356076382314335
1072.5026778982065    -31.265306122449573
1073.2349696409326    -7.066790352505244
1073.9672613836588    -45.04923453611672
1074.699553126385    -6.739893731148484
1075.431844869111    -35.47124304267226
1076.1641366118372    -16.121212121213222
1076.8964283545633    -0.5548469664432609
1077.6287200972893    20.482411805962144
1078.3610118400156    7.880913646122444
1079.0933035827416    27.598793952407117
1079.8255953254677    117.31667425869179
1080.5578870681938    32.356326326977126
1081.29017881092    -2.8418617094357956
1082.0224705536461    52.470315177545814
1082.7547622963723    20.188195483826846
1083.4870540390984    -194.09392420988848
1084.2193457818246    -5.3760439036038115
1084.9516375245507    -26.658163597319138
1085.6839292672769    -12.940283291034465
1086.416221010003    8.77759701524657
1087.1485127527292    -69.50452267846876
1087.8808044954553    -146.78664237218408
1088.6130962381815    -3.0687620658994135
1089.3453879809076    -80.35088175961474
1090.0776797236338    -129.63300145333005
1090.80997146636    -81.91512114704904
1091.542263209086    -177.19724084076435
1092.2745549518122    -182.4793605344797
1093.0068466945381    -45.76148022819501
1093.7391384372645    -30.043599921910342
1094.4714301799904    -199.3257196156293
1095.2037219227166    -81.60783930934463
1095.9360136654427    -99.88995900305996
1096.6683054081689    -185.1720786967753
1097.400597150895    -190.4541983904906
1098.1328888936212    -205.73631808420595
1098.8651806363473    -267.01843777792493
1099.5974723790735    -220.30055747164025
1100.3297641217996    -180.58267716535556
1101.0620558645257    -0.006672083519594141
1101.794347607252    -63.42057947274027
1102.526639349978    -108.8395306264308
1103.2589310927042    -118.25848178012134
1103.9912228354303    58.32256706618449
1104.7235145781565    -62.09638408750605
1105.4558063208826    -15.515335241196585
1106.1880980636088    130.06571360510924
1106.920389806335    121.64676245141871
1107.652681549061    249.22781129772818
1108.3849732917872    437.808860144034
1109.1172650345134    357.3899089903435
1109.8495567772393    597.9709578366529
1110.5818485199654    804.5520066829588
1111.3141402626916    750.1330555292682
1112.0464320054177    945.8145065062048
1112.7787237481439    1114.2951532218835
1113.51101549087    1145.876202068193
1114.2433072335962    1196.4572509145025
1114.9755989763223    1420.0382997608083
1115.7078907190485    1589.6193486071177
1116.4401824617746    1738.2003974534273
1117.1724742045008    1826.781446299733
1117.904765947227    1933.3624951460424
1118.637057689953    1961.943543992352
1119.3693494326792    2252.524592838658
1120.1016411754053    2494.01670413867
1120.8339329181315    2534.686690531277
1121.5662246608576    2704.659527950633
1122.2985164035838    2695.848788223892
1123.03080814631    2890.4298370702013
1123.763099889036    2855.0108859165075
1124.4953916317622    3008.591934762817
1125.2276833744882    3223.1729836091226
1125.9599751172143    3145.754032455432
1126.6922668599404    3256.9094112925063
1127.4245586026666    3257.916130148047
1128.1568503453927    3315.497178994357
1128.889142088119    3223.2069803437857
1129.621433830845    3324.659276686972
1130.3537255735712    3459.2403255332815
1131.0860173162973    3286.821374379591
1131.8183090590235    3347.4024232258967
1132.5506008017496    3261.9834720722065
1133.2828925444758    3301.564520918516
1134.015184287202    3129.4568636856566
1134.747476029928    3003.726618611131
1135.4797677726542    3030.3076674574404
1136.2120595153804    2852.888716303746
1136.9443512581065    2801.469765150056
1137.6766430008327    2741.0508139963654
1138.4089347435588    2626.631862842671
1139.141226486285    2439.2129116889805
1139.873518229011    2183.79396053529
1140.605809971737    2193.375009381596
1141.3381017144632    2001.9560582279053
1142.0703934571893    1922.5371070742149
1142.8026851999155    1725.1181559205206
1143.5349769426416    1625.69920476683
1144.2672686853678    1493.2802536131396
1144.999560428094    1399.8613024594454
1145.73185217082    1172.2661208480301
1146.4641439135462    1218.2541994206788
1147.1964356562723    1056.6044489983701
1147.9287273989985    1115.1854978446797
1148.6610191417246    987.7665466909891
1149.3933108844508    914.3475955372949
1150.125602627177    999.9286443836044
1150.857894369903    919.5096932299139
1151.5901861126292    971.0907420762196
1152.3224778553554    874.6717909225291
1153.0547695980815    1011.2528397688386
1153.7870613408077    898.8338886151445
1154.5193530835338    994.4149374614539
1155.25164482626    947.9959863077634
1155.9839365689859    1062.577035154069
1156.7162283117123    1144.1580840003787
1157.4485200544382    1079.739132846688
1158.1808117971643    1101.3201816929939
1158.9131035398905    1287.9012305393035
1159.6453952826166    1238.4822793856129
1160.3776870253428    1381.6943589676641
1161.109978768069    1317.6443770782282
1161.842270510795    1479.0038494462958
1162.5745622535212    1500.8064747708434
1163.3068539962474    1647.387523617153
1164.0391457389735    1796.9685724634624
1164.7714374816996    1788.549621309768
1165.5037292244258    1903.610908976204
1166.236020967152    2054.7117190023873
1166.968312709878    2058.292767848693
1167.7006044526042    2088.8738166950025
1168.4328961953304    2350.454865541312
1169.1651879380565    2302.0359143876176
1169.8974796807827    2311.616963233927
1170.6297714235088    2374.198012080237
1171.3620631662347    2448.7790609265426
1172.0943549089611    2448.360109772852
1172.826646651687    2422.9411586191613
1173.5589383944132    2482.522207465467
1174.2912301371393    2386.1032563117765
1175.0235218798655    2135.1225970873
1175.7558136225916    2234.265354004392
1176.4881053653178    2206.8464028507015
1177.220397108044    1811.4201661385766
1177.95268885077    1745.0749113778932
1178.6849805934962    1727.5895493896262
1179.4172723362224    1457.170598235932
1180.1495640789485    1385.7516470822416
1180.8818558216747    1164.332695928551
1181.6141475644008    1145.9137447748567
1182.346439307127    950.4947936211663
1183.078731049853    936.0758424674757
1183.8110227925793    718.6568913137816
1184.5433145353054    646.2379401600911
1185.2756062780313    402.8189890064005
1186.0078980207577    401.4000378527063
1186.7401897634836    271.59852091633996
1187.47248150621    254.56213554532525
1188.204773248936    201.5746780616358
1188.937064991662    182.72423323794052
1189.6693567343882    53.305282084249995
1190.4016484771143    61.88633093055583
1191.1339402198405    28.860325685563282
1191.8662319625666    -13.484929075120297
1192.5985237052928    -44.370522530519416
1193.330815448019    19.210526315790048
1194.063107190745    0.20890654028857225
1194.7953989334712    60.593251677068245
1195.5276906761974    30.977596813847914
1196.2599824189235    28.028608617295472
1196.9922741616497    -15.640756933550094
1197.7245659043758    99.7972988908536
1198.456857647102    140.4187297667124
1199.1891493898281    226.23265583108082
1199.9214411325543    263.47821646697486
1200.6537328752802    325.5079598171098
1201.3860246180066    268.53770316724103
1202.1183163607325    436.103369711534
1202.8506081034589    488.5971898675035
1203.5828998461848    498.8720599850922
1204.315191588911    695.656676567766
1205.047483331637    660.6864199179008
1205.7797750743632    996.7161632680321
1206.5120668170894    925.7459066181633
1207.2443585598155    1104.4604523356584
1207.9766503025417    1249.5114641391046
1208.7089420452678    1355.5624759425511
1209.441233787994    1435.8648800186884
1210.17352553072    1708.8946233688232
1210.9058172734462    1697.3821780195578
1211.6381090161724    1794.433189823004
1212.3704007588985    1892.983853419217
1213.1026925016247    1966.8685467632304
1213.8349842443508    2026.0433401194794
1214.567275987077    2065.637237036791
1215.2995677298031    2142.1028268197456
1216.031859472529    2351.132570169877
1216.7641512152554    2237.162313520008
1217.4964429579813    2217.1920568701394
1218.2287347007077    2262.2218002202703
1218.9610264434336    2093.2515435704054
1219.6933181861598    1945.660986327582
1220.425609928886    1892.378664797695
1221.157901671612    1837.096343267808
1221.8901934143382    1726.8140217379196
1222.6224851570644    1704.1983668747007
1223.3547768997905    1555.9160453448137
1224.0870686425167    1534.6337238149279
1224.8193603852428    1526.3514022850406
1225.551652127969    1509.5192337215904
1226.283943870695    1350.1200925586002
1227.0162356134213    1329.50443769538
1227.7485273561474    1260.222116165493
1228.4808190988736    1201.939794635606
1229.2131108415997    1098.657473105719
1229.9454025843258    1152.375151575832
1230.677694327052    910.7274371725126
1231.409986069778    929.8105085160579
1232.1422778125043    905.528186986171
1232.8745695552302    824.9125321229518
1233.6068612979566    780.9635439263981
1234.3391530406825    941.8761539231724
1235.0714447834087    777.0655675332908
1235.8037365261348    724.7832460034039
1236.536028268861    717.8342578068501
1237.268320011587    703.9951273236975
1238.0006117543132    557.2696147470774
1238.7329034970394    625.0546140239636
1239.4651952397655    510.70497168730344
1240.1974869824917    499.11410072422603
1240.9297787252178    406.4736619608616
1241.662070467944    398.19134043097455
1242.3943622106701    358.5756855677555
1243.1266539533963    306.9600307045351
1243.8589456961224    322.3443758413148
1244.5912374388486    330.3953876447611
1245.3235291815747    295.4463994482075
1246.0558209243009    264.497411251655
1246.7881126670268    180.8817563884347
1247.5204044097532    199.93276819188102
1248.252696152479    215.650446661994
1248.9849878952054    177.03479179877368
1249.7172796379314    176.41913693555338
1250.4495713806577    145.80348207233305
1251.1818631233837    156.52116054244604
1251.9141548661098    164.23883901256028
1252.646446608836    148.95651748267326
1253.378738351562    103.64948102659936
1254.1110300942883    134.67922437673062
1254.8433218370144    120.70896772686186
1255.5756135797405    29.493898029790756
1256.3079053224667    68.54490983323831
1257.0401970651928    43.79819777725922
1257.772488807919    14.980266773465535
1258.5047805506451    88.69794524357854
1259.2370722933713    45.41562371369155
1259.9693640360974    25.9171711777842
1260.7016557788236    72.94691452791545
1261.4339475215497    94.23532579069723
1262.1662392642756    116.61967092747692
1262.898531007002    67.3373493975899
1263.630822749728    -0.12372864953790952
1264.3631144924543    59.821523039951444
1265.0954062351802    105.39694319446433
1265.8276979779066    22.39665166690992
1266.5599897206325    -64.76322156094443
1267.2922814633587    -7.9230947887951615
1268.0245732060848    -4.082968016645886
1268.756864948811    24.607377300365737
1269.4891566915371    -10.40271447234733
1270.2214484342633    -192.56258770019807
1270.9537401769894    -57.722460928048775
1271.6860319197156    61.1176658441005
1272.4183236624417    82.15114473960048
1273.1506154051679    129.39323156078126
1273.882907147894    122.63804616054469
1274.6151988906201    189.47817293269398
1275.3474906333463    136.786158690989
1276.0797823760724    169.15842647699253
1276.8120741187986    279.6036656666827
1277.5443658615245    189.83868002129108
1278.2766576042509    398.0878393090418
1279.0089493469768    341.518933565586
1279.7412410897032    437.23867961806997
1280.473532832429    479.1991871098845
1281.2058245751555    543.0393138820339
1281.9381163178814    641.2982734149456
1282.6704080606075    512.7195674263323
1283.4026998033337    449.5596941984817
1284.1349915460598    582.3998209706309
1284.867283288786    559.2399477427766
1285.5995750315121    553.0800745149259
1286.3318667742383    459.92020128707514
1287.0641585169644    632.7603280592244
1287.7964502596906    427.60045483137367
1288.5287420024167    407.44058160352296
1289.2610337451429    290.28070837567225
1289.993325487869    322.1208351478215
1290.7256172305952    295.8699819357754
1291.4579089733213    231.80108869211642
1292.1902007160475    275.6412154642657
1292.9224924587736    254.48134223641497
1293.6547842014998    239.32146900856426
1294.3870759442257    195.16159578071353
1295.119367686952    77.00172255286282
1295.851659429678    49.84184932501209
1296.5839511724043    59.68197609715773
1297.3162429151303    175.522102869307
1298.0485346578564    120.36222964145628
1298.7808264005826    200.19960363542566
1299.5131181433087    114.04248318575483
1300.2454098860348    220.35044394445265
1300.977701628761    305.7227367300534
1301.7099933714871    289.5628635022027
1302.4422851142133    301.0767044079937
1303.1745768569394    255.2431170464976
1303.9068685996656    259.08324381864685
1304.6391603423917    143.92337059079614
1305.3714520851179    236.76349736294543
1306.103743827844    309.6036241350947
1306.8360355705702    283.44375090724395
1307.5683273132963    273.28387767939324
1308.3006190560225    224.12400445154253
1309.0329107987486    171.96413122368816
1309.7652025414745    242.80425799583745
1310.497494284201    137.6443847679867
1311.2297860269268    53.48451154013599
1311.9620777696532    164.32463831228526
1312.6943695123791    153.16476508443455
1313.4266612551053    106.00489185658382
1314.1589529978314    87.8450186287331
1314.8912447405576    -100.31485459911762
1315.6235364832837    47.525272173028014
1316.3558282260099    31.36539894517729
1317.088119968736    7.205525717326569
1317.8204117114622    43.04565248947584
1318.5527034541883    -182.11422073837488
1319.2849951969145    -81.27409396622559
1320.0172869396406    -192.43396719407633
1320.7495786823667    -212.59384042193068
1321.481870425093    -108.7537136497814
1322.214162167819    -53.91358687763213
1322.9464539105452    -109.07346010548285
1323.6787456532713    -40.233333333333576
1324.4110373959975    -0.03370159932660025
1325.1433291387234    27.1838131313134
1325.8756208814498    -262.6076136363631
1326.6079126241757    -28.399040404039624
1327.340204366902    105.80953282828386
1328.072496109628    94.01810606060735
1328.8047878523541    321.22667929293084
1329.5370795950803    324.4352525252507
1330.2693713378064    354.6438257575742
1331.0016630805326    248.85239898989767
1331.7339548232587    289.06097222222115
1332.4662465659849    377.26954545454464
1333.198538308711    396.47811868686813
1333.9308300514372    536.6866919191916
1334.6631217941633    525.8952651515151
1335.3954135368895    700.1038383838386
1336.1277052796156    717.3124116161621
1336.8599970223418    782.5209848484856
1337.592288765068    825.729558080809
1338.324580507794    1062.9381313131325
1339.0568722505202    1041.146704545456
1339.7891639932463    1150.2168981481493
1340.5214557359723    1377.5638510100994
1341.2537474786986    1279.2883838383843
1341.9860392214246    1381.4907933501684
1342.718330964151    1470.1895707070698
1343.4506227068769    1581.3981439393933
1344.182914449603    1554.7646885521888
1344.9152061923292    1636.8152904040403
1345.6474979350553    1713.0238636363638
1346.3797896777814    1864.0385837542087
1347.1120814205076    2098.4410101010108
1347.8443731632337    2169.7767361111114
1348.57666490596    2334.8581565656577
1349.308956648686    2625.066729797981
1350.0412483914122    2616.2753030303047
1350.7735401341383    2880.483876262628
1351.5058318768645    3260.692449494948
1352.2381236195906    3470.657859848485
1352.9704153623168    3838.526936026936
1353.702707105043    4007.7293455387203
1354.434998847769    4596.265088383839
1355.1672905904952    5112.735315656566
1355.8995823332211    5620.003240740742
1356.6318740759475    6190.872316919192
1357.3641658186734    6719.074726430976
1358.0964575613998    7424.9438026094285
1358.8287493041257    8143.146212121211
1359.5610410468519    8854.015288299664
1360.293332789578    9775.884364478114
1361.0256245323042    10618.420107323233
1361.7579162750303    11498.289183501684
1362.4902080177565    12433.158259680136
1363.2224997604826    13414.027335858586
1363.9547915032088    14300.896412037038
1364.687083245935    15333.432154882155
1365.419374988661    16317.634564393942
1366.1516667313872    17195.170307239056
1366.8839584741133    18018.372716750844
1367.6162502168395    18764.575126262625
1368.3485419595656    19648.44420244108
1369.0808337022918    20029.646611952863
1369.813125445018    20463.849021464648
1370.545417187744    21646.115353535355
1371.27770893047    21807.323926767676
1372.0100006731964    21749.5325
1372.7422924159223    21437.741073232322
1373.4745841586487    20837.94964646465
1374.2068759013746    20268.15821969697
1374.9391676441007    19592.366792929297
1375.6714593868269    18715.575366161615
1376.403751129553    17502.783939393943
1377.1360428722792    16388.992512626264
1377.8683346150053    15119.201085858589
1378.6006263577315    13952.40965909091
1379.3329181004576    12758.61823232323
1380.0652098431838    11700.826805555556
1380.79750158591    10613.035378787878
1381.529793328636    9572.243952020204
1382.2620850713622    8580.452525252524
1382.9943768140884    7701.66109848485
1383.7266685568145    7006.869671717171
1384.4589602995406    6478.078244949498
1385.1912520422668    5910.286818181818
1385.923543784993    5296.495391414144
1386.6558355277189    4858.703964646465
1387.3881272704452    4706.912537878792
1388.1204190131712    4324.1211111111115
1388.8527107558975    3984.3296843434387
1389.5850024986235    3667.5382575757585
1390.3172942413496    3511.7468308080784
1391.0495859840757    3313.9554040404055
1391.781877726802    3073.1639772727253
1392.514169469528    2788.3725505050525
1393.2464612122542    2563.5811237373723
1393.9787529549803    2514.7896969696994
1394.7110446977065    2218.9982702020193
1395.4433364404326    2116.2068434343464
1396.1756281831588    1986.4154166666663
1396.907919925885    1899.6239898989934
1397.640211668611    1884.8325631313132
1398.3725034113372    1616.0411363636404
1399.1047951540634    1687.2497095959602
1399.8370868967895    1414.4582828282873
1400.5693786395157    1231.3502209595963
1401.3016703822418    1216.8754292929343
1402.0339621249677    1092.0840025252542
1402.766253867694    917.9574494949487
1403.49854561042    740.4931923400685
1404.2308373531464    621.709722222221
1404.9631290958723    578.9182954545481
1405.6954208385985    466.7670875420875
1406.4277125813246    361.3354419191951
1407.1600043240508    371.54401515151494
1407.892296066777    283.75258838384207
1408.624587809503    140.96116161616192
1409.3568795522292    213.77913510101166
1410.0891712949553    141.3783080808089
1410.8214630376815    47.58688131313602
1411.5537547804076    -53.20454545454413
1412.2860465231338    -0.41675275482091223
1413.01833826586    83.37103994490231
1413.750630008586    -17.841167355367194
1414.4829217513122    98.94662534435602
1415.2152134940384    176.73441804407923
1415.9475052367645    268.5222107438025
1416.6797969794907    355.31000344352566
1417.4120887222166    482.24035812672065
1418.144380464943    619.180440771352
1418.876672207669    696.7871900826452
1419.6089639503953    876.4611742424258
1420.3412556931212    1003.0006887052341
1421.0735474358473    1173.9407713498606
1421.8058391785735    1251.2141873278254
1422.5381309212996    1439.8209366391195
1423.2704226640258    1535.094352617081
1424.002714406752    1600.7011019283739
1424.735006149478    1799.974517906335
1425.4672978922042    1935.9146005509629
1426.1995896349304    1910.5513085399493
1426.9318813776565    1977.794765840221
1427.6641731203827    2106.126893939396
1428.3964648631088    1964.6749311294761
1429.128756605835    2053.7024793388423
1429.861048348561    1954.4902720385728
1430.5933400912872    1996.278064738296
1431.3256318340134    1904.0658574380193
1432.0579235767395    1799.8536501377423
1432.7902153194655    1417.6414428374655
1433.5225070621918    1351.5888429752051
1434.2547988049178    1307.2170282369193
1434.9870905476441    972.0048209366425
1435.71938229037    906.7926136363658
1436.4516740330964    773.580406336089
1437.1839657758223    726.2892561983454
1437.9162575185487    581.8960055096433
1438.6485492612746    408.94378443526597
1439.3808410040008    340.1095041322322
1440.113132746727    250.04958677685877
1440.845424489453    120.3071625344356
1441.5777162321792    48.094955234158824
1442.3100079749054    94.88274793388932
1443.0422997176315    -26.32945936638746
1443.7745914603577    32.45833333333576
1444.5068832030838    0.3158212560386145
1445.23917494581    -5.451690821256105
1445.971466688536    41.34125905797282
1446.703758431262    -79.69776570048391
1447.4360501739884    -53.73679045893338
1448.1683419167143    -118.77581521739012
1448.9006336594407    5.185160024153144
1449.6329254021666    -19.85386473429632
1450.365217144893    -120.89288949275306
1451.097508887619    -45.9319142512098
1451.8298006303453    -23.970939009659254
1452.5620923730712    24.20652173913004
1453.2943841157976    11.772342995168657
1454.0266758585235    38.91198671497781
1454.7589676012497    -75.12703804347893
1455.4912593439758    -75.16606280193567
1456.223551086702    -72.20508756038514
1456.955842829428    23.26811594202839
1457.6881345721542    -61.28313707729861
1458.4204263148804    28.733091787438955
1459.1527180576065    -45.36118659420481
1459.8850098003327    -36.80193236715048
1460.6173015430588    -6.902777777778534
1461.349593285785    80.52173913043225
1462.081885028511    -0.010062709328559405
1462.8141767712373    127.31683110308036
1463.5464685139632    31.643724915491735
1464.2787602566896    90.63728539456979
1465.0110519994155    125.63084587364536
1465.7433437421419    151.2910730193901
1466.4756354848678    154.8714718727602
1467.2079272275942    271.611527310877
1467.94021897032    215.27175445662172
1468.6725107130464    324.26531493569973
1469.4048024557724    344.25887541477533
1470.1370941984985    512.264138117276
1470.8693859412247    413.9126630395969
1471.6016776839508    569.2212046150809
1472.333969426677    682.6997378639869
1473.066261169403    737.5600111434951
1473.7985529121293    804.8869049559065
1474.5308446548554    862.5471321016512
1475.2631363975815    953.2073592473936
1475.9954281403077    1063.5342530598048
1476.7277198830338    1097.1944802055496
1477.4600116257598    1224.8547073512918
1478.1923033684861    1319.1816011637031
1478.924595111212    1347.8418283094481
1479.6568868539384    1332.8353887885235
1480.3891785966644    1481.9636036019247
1481.1214703393907    1440.155843080013
1481.8537620821166    1489.8160702257553
1482.586053824843    1449.1429640381666
1483.318345567569    1461.469857850578
1484.0506373102953    1578.3562698464405
1484.7829290530212    1382.7903121420647
1485.5152207957474    1333.783872621143
1486.2475125384735    1226.1107664335516
1486.9798042811997    1171.770993579298
1487.7120960239258    1048.0978873917068
1488.444387766652    1115.2274693398624
1489.1766795093781    887.7516750165295
1489.9089712521043    849.7452354956049
1490.6412629948304    855.4054626413496
1491.3735547375566    674.1416023354793
1492.1058464802827    604.3925835995033
1492.8381382230086    471.0986688332842
1493.570429965735    385.7130378909928
1494.302721708461    233.05573533108904
1495.0350134511873    284.5342685799951
1495.7673051939132    163.0128018289012
1496.4995969366396    81.49133507779999
1497.2318886793655    55.96986832670605
1497.9641804220919    -33.99226590121064
1498.6964721648178    -81.07306517548908
1499.4287639075442    -52.59453192658301
1500.16105565027    -216.11599867767694
1500.8933473929962    -94.63746542877814
1501.6256391357224    -108.15893217987207
1502.3579308784485    -161.680398930966
1503.0902226211747    -97.20186568206721
1503.8225143639008    24.276667566838867
1504.554806106627    -29.24479918426234
1505.2870978493531    45.233734064643734
1506.0193895920793    -111.2877326864502
1506.7516813348054    -79.8091994375514
1507.4839730775316    -101.33066618864532
1508.2162648202575    -44.85213293973926
1508.9485565629839    -92.37359969084046
1509.6808483057098    -213.8950664419344
1510.4131400484362    7.583466806971678
1511.145431791162    67.06200005587047
1511.8777235338885    248.54053330477655
1512.6100152766144    197.5456103470008
1513.3423070193408    190.49759980258142
1514.0745987620667    217.9761330514875
1514.806890504793    177.45466630039357
1515.539182247519    187.93319954929234
1516.271473990245    191.41173279819841
1517.0037657329713    268.8902660471045
1517.7360574756974    288.36879929600326
1518.4683492184236    270.84733254490936
1519.2006409611497    339.4876546586958
1519.9329327038758    475.80439904271424
1520.665224446602    305.2829322916203
1521.3975161893281    367.7614655405191
1522.1298079320543    186.23999878942516
1522.8620996747804    153.71853203833123
1523.5943914175064    235.19706528723003
1524.3266831602327    78.6755985361361
1525.0589749029587    14.154131785042171
1525.791266645685    -56.36733496605903
1526.523558388411    43.11119828284704
1527.2558501311373    38.58973153175311
1527.9881418738632    -62.9317352193481
1528.7204336165896    -14.453201970442024
1529.4527253593155    -0.08006561462407014
1530.185017102042    78.4878458026431
1530.9173088447678    -11.333792902980887
1531.649600587494    94.03934345283707
1532.3818923302201    52.41247980865502
1533.1141840729463    129.78561616447297
1533.8464758156724    281.5309414258378
1534.5787675583986    235.5318888761089
1535.3110593011247    491.90502523193413
1536.0433510438509    605.4901321330899
1536.775642786577    690.6512979435701
1537.5079345293032    878.024434299388
1538.2402262720293    885.115989507005
1538.9725180147552    989.6579419649788
1539.7048097574816    1108.143843366849
1540.4371015002075    1333.7418468809226
1541.169393242934    1440.9504660055607
1541.9016849856598    1668.263252434303
1542.6339767283862    1811.636388790121
1543.366268471112    1980.576323379478
1544.0985602138385    2240.451609170784
1544.8308519565644    2487.9935616287567
1545.5631436992908    2710.202180753395
1546.2954354420167    3004.0774665446993
1547.0277271847428    3225.952752336007
1547.760018927469    3440.49470479398
1548.4923106701951    3877.703323918618
1549.2246024129213    4096.5786097099235
1549.9568941556474    4436.1205621678955
1550.6891858983736    4700.329181292534
1551.4214776410997    4937.871133750508
1552.1537693838259    5254.746419541813
1552.886061126552    5529.2883719997835
1553.6183528692782    5926.4969911244225
1554.350644612004    6219.705610249063
1555.0829363547305    6613.247562707037
1555.8152280974564    6820.789515165008
1556.5475198401828    7212.664800956313
1557.2798115829087    7541.873420080951
1558.012103325635    7857.415372538923
1558.744395068361    8141.957324996896
1559.4766868110873    8401.832610788202
1560.2089785538133    8599.374563246174
1560.9412702965396    8867.24984903748
1561.6735620392656    9026.125134828786
1562.4058537819917    9123.333753953424
1563.1381455247179    9277.20903974473
1563.870437267444    9311.084325536036
1564.6027290101702    9432.626277994008
1565.3350207528963    9403.834897118648
1566.0673124956224    9772.57675217634
1566.7996042383486    9796.949888532157
1567.5318959810747    9747.323024887983
1568.264187723801    9402.6961612438
1568.996479466527    9249.069297599619
1569.728771209253    8913.442433955435
1570.4610629519793    8455.815570311253
1571.1933546947052    8246.188706667079
1571.9256464374316    8044.561843022897
1572.6579381801575    7587.934979378715
1573.390229922884    7315.308115734533
1574.1225216656098    6873.681252090351
1574.8548134083362    6608.0543884461695
1575.5871051510621    6337.427524801994
1576.3193968937885    6041.800661157812
1577.0516886365144    5879.17379751363
1577.7839803792406    5564.546933869448
1578.5162721219667    5519.9200702252665
1579.2485638646929    5322.293206581091
1579.980855607419    5050.666342936909
1580.7131473501452    5041.039479292727
1581.4454390928713    4931.412615648545
1582.1777308355975    4879.7857520043635
1582.9100225783236    4917.158888360188
1583.6423143210498    4730.532024716006
1584.374606063776    4696.905161071824
1585.1068978065018    4310.134280150564
1585.8391895492282    4363.651433783461
1586.5714812919541    4264.024570139278
1587.3037730346805    4110.397706495103
1588.0360647774064    3860.7708428509213
1588.7683565201328    3699.8440424404266
1589.5006482628587    3724.517115562557
1590.232940005585    3469.8902519183753
1590.965231748311    3141.2633882741934
1591.6975234910374    3122.6365246300184
1592.4298152337633    2869.0096609858365
1593.1621069764894    2679.382797341654
1593.8943987192156    2690.7559336974723
1594.6266904619417    2362.1290700532904
1595.3589822046679    2324.5022064091154
1596.091273947394    2204.8753427649335
1596.8235656901202    2092.248479120751
1597.5558574328463    1945.6216154765693
1598.2881491755725    1894.9947518323872
1599.0204409182986    1826.3678881882124
1599.7527326610248    1823.7410245440306
1600.4850244037507    1687.1141608998485
1601.217316146477    1722.4872972556664
1601.949607889203    1709.93252001726
1602.6818996319294    1653.1411391418994
1603.4141913746553    1882.6067063231276
1604.1464831173816    1717.2250440578457
1604.8787748601076    1718.4336631824835
1605.611066602834    1780.3089489737895
1606.3433583455599    1845.8509014317608
1607.0756500882862    2077.0595205564014
1607.8079418310122    2048.601473014374
1608.5402335737383    2119.1434254723463
1609.2725253164645    2300.3520445969843
1610.0048170591906    2408.8939970549554
1610.7371088019167    2507.769282846261
1611.469400544643    2639.9779019709017
1612.201692287369    2794.1865210955407
1612.9339840300952    3028.0618068868457
1613.6662757728213    3227.603759344817
1614.3985675155475    3430.8123784694562
1615.1308592582736    3591.687664260764
1615.8631510009996    3701.5629500520677
1616.595442743726    3974.3231607278726
1617.3277344864518    4002.6468549680126
1618.0600262291782    4177.188807425984
1618.7923179719041    4399.397426550623
1619.5246097146305    4607.939379008597
1620.2569014573564    4890.481331466568
1620.9891932000828    4976.356617257875
1621.7214849428087    5191.23190304918
1622.453776685535    5357.440522173816
1623.186068428261    5430.315807965126
1623.9183601709872    5464.191093756432
1624.6506519137133    5667.733046214402
1625.3829436564395    5665.608332005708
1626.1152353991656    5738.150284463679
1626.8475271418918    5738.025570254984
1627.579818884618    5848.920206065163
1628.312110627344    5752.293342420981
1629.0444023700702    5619.6664787767995
1629.7766941127963    5425.039615132618
1630.5089858555225    5165.412751488436
1631.2412775982484    4890.78588784426
1631.9735693409748    4545.159024200078
1632.7058610837007    4299.532160555897
1633.438152826427    4258.905296911715
1634.170444569153    3906.2784332675324
1634.9027363118794    3676.6515696233505
1635.6350280546053    3308.0247059791755
1636.3673197973317    3120.3978423349936
1637.0996115400576    2853.7709786908117
1637.831903282784    2714.1441150466294
1638.56419502551    2628.5172514024475
1639.296486768236    2478.8903877582725
1640.0287785109622    2149.1140478318216
1640.7610702536883    2105.6366604699087
1641.4933619964145    1843.197952747764
1642.2256537391406    1894.3829331815446
1642.9579454818668    1723.7560695373625
1643.690237224593    1639.1292058931876
1644.422528967319    1470.365762579654
1645.1548207100452    1286.9077150376254
1645.8871124527714    1217.2486149606416
1646.6194041954975    1028.6217513164595
1647.3516959382237    985.9948876722848
1648.0839876809496    1001.3680240281027
1648.816279423676    825.7411603839206
1649.5485711664019    752.1142967397386
1650.2808629091282    857.4874330955565
1651.0131546518542    702.8605694513745
1651.7454463945805    639.2337058071997
1652.4777381373065    705.6605729506828
1653.2100298800328    582.9799785188357
1653.9423216227588    317.3531148746536
1654.674613365485    591.7262512304716
1655.406905108211    518.0993875862968
1656.1391968509372    422.4725239421147
1656.8714885936633    417.8456602979327
1657.6037803363895    225.21879665375064
1658.3360720791156    131.5919330095686
1659.0683638218418    215.96506936538657
1659.800655564568    190.33820572121178
1660.532947307294    103.71134207702974
1661.2652390500202    259.16400244634934
1661.9975307927464    393.45761478866564
1662.7298225354725    243.8307511444836
1663.4621142781984    1246.2038875003088
1664.1944060209248    222.5770238561268
1664.9266977636507    448.95016021194476
1665.658989506377    324.4157171941833
1666.391281249103    487.62433631882124
1667.1235729918294    512.8329554434605
1667.8558647345553    183.44270563522383
1668.5881564772817    186.25019369274
1669.3204482200076    111.18897834685974
1670.0527399627338    178.66743194201595
1670.78503170546    57.209384399988465
1671.517323448186    54.308387414320876
1672.2496151909122    -22.31847622986117
1672.9819069336384    -15.945339874043217
1673.7141986763645    -32.572203518225265
1674.4464904190907    -120.19906716240732
1675.1787821618168    -94.82593080658935
1675.911073904543    97.54720554923587
1676.643365647269    -15.079658094946172
1677.3756573899952    -121.70652173912822
1678.1079491327214    0.09793492581772718
1678.8402408754473    -56.07732857878854
1679.5725326181737    35.737268001377664
1680.3048243608996    -54.44813541845613
1681.037116103626    -36.633538838282654
1681.769407846352    -167.81894225811646
1682.5016995890783    -5.0043456779502495
1683.2339913318042    13.174783754367219
1683.9662830745306    52.624847482389434
1684.6985748172565    -73.56055593744436
1685.4308665599826    -36.74595935727817
1686.1631583027088    -165.93136277710468
1686.895450045435    -105.11676619693849
1687.627741788161    -158.3021696167723
1688.3600335308872    -138.4875730365988
1689.0923252736134    -147.6729764564326
1689.8246170163395    -221.85837987626638
1690.5569087590657    -134.0437832961002
1691.2892005017918    -116.22918671592672
1692.021492244518    -15.414590135760513
1692.753783987244    -107.59999355559431
1693.4860757299703    -52.33818525519683
1694.2183674726962    -164.97080039525463
1694.9506592154225    -4.649561780374547
1695.6829509581485    -43.341607234914946
1696.4152427008748    8.039061694450155
1697.1475344436008    -40.71241407458254
1697.8798261863271    -29.89781749440906
1698.612117929053    62.91677908575714
1699.3444096717794    -53.268624334076655
1700.0767014145054    -26.23937961849172
1700.8089931572315    -63.895067881078155
1701.5412848999576    -132.82483459357078
1702.2735766426838    -77.01023801340457
1703.00586838541    -173.1956414332311
1703.738160128136    -165.38104485306488
1704.4704518708622    -106.56644827289868
1705.2027436135884    17.248148307274793
1705.9350353563145    -21.937255112559004
1706.6673270990407    -19.122658532392805
1707.3996188417668    -198.3080619522266
1708.131910584493    -72.49346537205312
1708.8642023272191    49.32113120811308
1709.596494069945    210.1357277882793
1710.3287858126714    -28.049675631547238
1711.0610775553973    65.76492094861896
1711.7933692981237    213.57951752878517
1712.5256610408496    53.39411410895865
1713.257952783576    342.20871068912487
1713.990244526302    228.02330726929105
1714.7225362690283    205.83790384946454
1715.4548280117542    300.3245002004949
1716.1871197544806    384.00214527123813
1716.9194114972065    446.28169358996314
1717.6517032399327    308.02410207939624
1718.3839949826588    188.9108867503028
1719.116286725385    248.72548333046902
1719.848578468111    257.5400799106425
1720.5808702108372    272.0680156957099
1721.3131619535634    196.1692730709749
1722.0454536962895    149.98386965114838
1722.7777454390157    215.43428424128032
1723.5100371817418    195.6130628114808
1724.242328924468    67.427659391647
1724.974620667194    239.13388612018278
1725.7069124099203    160.47819785759393
1726.4392041526462    90.15584292833717
1727.1714958953726    -32.313954287673646
1727.9037876380985    -76.49935770750744
1728.6360793808249    0.31523887265876027
1729.3683711235508    -49.87016454716776
1730.1006628662772    -60.05556796700156
1730.832954609003    -195.24097138683535
1731.5652463517295    -88.42637480666188
1732.2975380944554    -117.61177822649567
1733.0298298371815    -163.79718164632948
1733.7621215799077    -197.98258506616327
1734.4944133226338    -93.72339462679604
1735.22670506536    -93.35339190582359
1735.958996808086    -139.5387953256574
1736.6912885508123    -179.7241987454839
1737.4235802935384    -55.90960216531771
1738.1558720362646    -271.0950055851515
1738.8881637789907    -273.280409004978
1739.6204555217168    -227.46581242481182
1740.3527472644428    -203.6512158446456
1741.0850390071691    -240.83661926447942
1741.817330749895    -227.02202268430594
1742.5496224926214    -278.20742610413976
1743.2819142353474    -207.39282952397352
1744.0142059780737    -10.914008707106982
1744.7464977207997    -142.76363636363385
1745.478789463526    0.044495418001888866
1746.211081206252    -186.11360431775552
1746.9433729489783    -64.28858829481999
1747.6756646917042    -19.463572271884452
1748.4079564344304    90.36144375105836
1749.1402481771565    56.7821240231645
1749.8725399198827    106.0629830775289
1750.6048316626088    55.83649181987222
1751.337123405335    73.66150784280775
1752.0694151480611    -14.094439759375467
1752.8017068907873    38.18641929499257
1753.5339986335134    74.13655591162163
1754.2662903762396    7.9615719345571545
1754.9985821189657    -52.21341204250004
1755.7308738616916    -96.38839601956451
1756.463165604418    -5.563379996621701
1757.195457347144    -34.73836397368617
1757.9277490898703    16.08665204924936
1758.6600408325962    -91.08833192780783
1759.3923325753226    66.71415078428187
1760.1246243180485    -35.43829988193677
1760.856916060775    -235.61328385899395
1761.5892078035008    55.5567279473775
1762.3214995462272    -76.9632518131229
1763.053791288953    -10.138235790180095
1763.7860830316793    -115.31321976724456
1764.5183747744054    -109.48820374430903
1765.2506665171315    -128.66318772136623
1765.9829582598577    -128.8381716984307
1766.7152500025838    -79.01315567549517
1767.44754174531    20.81186034744764
1768.1798334880361    -102.36312362961682
1768.9121252307623    -117.5381076066813
1769.6444169734884    -68.35382245460075
1770.3767087162146    -141.88807556080295
1771.1090004589405    -154.06305953786742
1771.8412922016669    -157.2380435149246
1772.5735839443928    -37.41302749198909
1773.3058756871192    -313.5880114690536
1774.038167429845    -79.76299544611075
1774.7704591725715    -81.93797942317522
1775.5027509152974    17.559716646990825
1776.2350426580238    -173.2879473772969
1776.9673344007497    -100.46293135436136
1777.699626143476    -119.63791533141854
1778.431917886202    -95.81289930848301
1779.1642096289281    -32.36932141451687
1779.8965013716543    -114.16286726260468
1780.6287931143804    27.192396694214356
1781.3610848571066    -13.193410918086693
1782.0933765998327    -60.57921853038653
1782.8256683425589    -1.9650261426875844
1783.557960085285    100.96221285208026
1784.2902518280112    -131.21277112497694
1785.0225435707373    -215.3877551020414
1785.7548353134634    -0.12269887546857206
1786.4871270561894    -101.85764264889573
1787.2194187989157    5.4074135776771035
1787.9517105416417    -18.327530195750057
1788.684002284368    -72.06247396917722
1789.416294027094    -142.79741774260438
1790.1485857698203    -27.53236151603882
1790.8808775125462    -96.26730528946598
1791.6131692552726    -37.80825767041654
1792.3454609979985    27.262807163679692
1793.077752740725    -51.472136609747466
1793.8100444834508    24.518694988198305
1794.542336226177    8.057975843398207
1795.2746279689031    -23.676967930028955
1796.0069197116293    81.84564764681436
1796.7392114543554    -54.4898125780918
1797.4715031970816    -65.88179925031044
1798.2037949398077    -80.6167430237376
1798.9360866825339    -218.35168679717205
1799.66837842526    -81.0866305705992
1800.4006701679862    -68.50044703595718
1801.1329619107123    -13.50257392753001
1801.8652536534382    -77.29146189088068
1802.5975453961646    54.97359433569215
1803.3298371388905    -0.7613494377350136
1804.062128881617    -84.49629321116218
1804.7944206243428    16.768763015410663
1805.5267123670692    -12.966180758016499
1806.2590041097951    71.8158711647935
1806.9912958525215    51.147077606554
1807.7235875952474    -46.521715951687916
1808.4558793379738    89.80949049007258
1809.1881710806997    28.359100374840413
1809.9204628234259    69.62415660141325
1810.652754566152    42.88921282798609
1811.3850463088781    47.154269054558924
1812.1173380516043    -13.534477301123696
1812.8496297943304    -18.315618492295396
1813.5819215370566    5.949437734277441
1814.3142132797827    61.79247535749115
1815.0465050225089    -23.52044981257688
1815.778796765235    -44.25539358600405
1816.5110885079612    -21.990337359438485
1817.243380250687    36.11730112452951
1817.9756719934135    51.115174232957905
1818.7079637361394    55.446380674718405
1819.4402554788658    -6.930112453147131
1820.1725472215917    -35.66505622657429
1820.904838964318    -42.400000000001455
1821.637130707044    0.35475772357725255
1822.3694224497704    -86.60019512194937
1823.1017141924963    -11.149060162602595
1823.8340059352226    -80.80039024390454
1824.5662976779486    -143.9004878048785
1825.2985894206747    -60.00058536585246
1826.0308811634009    -40.10068292682641
1826.763172906127    13.424728455284148
1827.4954646488532    -51.3008780487816
1828.2277563915793    -65.74575609756114
1828.9600481343055    -67.50107317072951
1829.6923398770316    42.39882926829654
1830.4246316197577    21.998517073170902
1831.156923362484    -5.086725203251747
1831.88921510521    3.098536585367402
1832.621506847936    -24.923876422763716
1833.3537985906623    52.32421463414696
1834.0860903333883    24.798243902438262
1834.8183820761146    68.69814634146431
1835.5506738188406    24.068487804877808
1836.282965561567    79.4979512195164
1837.0152573042928    -197.60214634145757
1837.7475490470192    -115.70224390243878
1838.4798407897451    13.7275186991872
1839.2121325324715    25.097560975613305
1839.9444242751974    -0.15067221891744076
1840.6767160179236    -21.009541939322173
1841.4090077606497    -114.64713860797166
1842.1412995033759    -182.89537180249513
1842.873591246102    14.01273051754774
1843.6058829888282    -128.39183819154934
1844.3381747315543    -170.64007138608008
1845.0704664742805    -335.8883045806036
1845.8027582170066    -289.1365377751343
1846.5350499597328    -228.38477096965778
1847.267341702459    -342.6330041641885
1847.9996334451848    -238.88123735871199
1848.7319251879112    -180.12947055324273
1849.4642169306371    -121.3777037477662
1850.1965086733635    -95.62593694229695
1850.9288004160894    -120.87417013682042
1851.6610921588158    -115.12240333135117
1852.3933839015417    60.62936347412537
1853.125675644268    -68.61886972040537
1853.857967386994    33.13289708507115
1854.5902591297204    35.88466389054041
1855.3225508724463    1.6364306960169372
1856.0548426151724    -165.6118024985138
1856.7871343578986    -215.86003569303728
1857.5194261006247    -54.10826888756802
1858.251717843351    -52.356502082091495
1858.984009586077    -180.60473527662225
1859.7163013288032    -79.85296847114572
1860.4485930715293    -210.10120166567646
1861.1808848142555    -16.349434860199924
1861.9131765569816    -87.59766805473068
1862.6454682997078    -88.84590124925414
1863.3777600424337    -99.09413444378488
1864.11005178516    -103.34236763830836
1864.842343527886    -93.5906008328391
1865.5746352706124    -322.83883402736257
1866.3069270133383    -20.087067221893314
1867.0392187560647    -83.33530041641679
1867.7715104987906    -124.58353361094753
1868.503802241517    -81.831766805471
1869.2360939842429    -175.08000000000175
1869.9683857269692    0.2632000000000696
1870.7006774696952    9.606400000001885
1871.4329692124213    52.98306666666656
1872.1652609551475    -57.707200000001755
1872.8975526978736    -79.36399999999995
1873.6298444405998    -101.02079999999813
1874.362136183326    -84.6776000000036
1875.094427926052    54.66559999999823
1875.8267196687782    53.00880000000005
1876.5590114115043    26.352000000001862
1877.2913031542305    117.6951999999964
1878.0235948969566    100.03839999999822
1878.7558866396826    86.38160000000003
1879.488178382409    65.72480000000185
1880.2204701251349    -28.932000000003608
1880.9527618678612    28.411199999998207
1881.6850536105871    -119.24559999999998
1882.4173453533135    19.09760000000184
1883.1496370960394    -9.55920000000362
1883.8819288387658    -28.216000000001806
1884.6142205814917    -153.87279999999998
1885.346512324218    -170.52959999999817
1886.078804066944    -43.18640000000363
1886.8110958096702    -160.84320000000181
1887.5433875523963    -103.5
1888.2756792951225    -0.84375
1889.0079710378486    92.76041666666667
1889.7402627805748    53.46875
1890.472554523301    76.125
1891.204846266027    16.192708333333332
1891.9371380087532    54.4375
1892.6694297514794    37.369791666666664
1893.4017214942055    38.75
1894.1340132369314    128.40625
1894.8663049796578    40.0625
1895.5985967223837    112.71875
1896.33088846511    20.979166666666668
1897.063180207836    -33.96875
1897.7954719505624    9.6875
1898.5277636932883    -45.65625
1899.2600554360147    -29.333333333333332
1899.9923471787406    0.0
1900.724638921467    -19.0
1901.456930664193    -38.666666666666664
1902.189222406919    -7.0
1902.9215141496452    -32.333333333333336
1903.6538058923713    -24.0
1904.3860976350975    -9.0
1905.1183893778236    122.0
