1    -491.0
2    -503.0
3    -325.0
4    -238.0
5    -93.0
6    -214.0
7    -184.0
8    -118.0
9    -61.0
10    15.0
11    -52.0
12    -149.0
13    73.0
14    -119.0
15    -8.0
16    -12.0
17    -1.0
18    4.0
19    -48.0
20    -26.0
21    3.0909090909080987
22    -62.818181818180165
23    26.272727272727934
24    -96.63636363636397
25    -73.54545454545587
26    -2.4545454545441316
27    23.636363636363967
28    -12.272727272727934
29    26.818181818180165
30    113.9090909090919
31    206.0
32    98.0909090909081
33    -49.818181818180165
34    78.27272727272793
35    0.3636363636360329
36    -88.54545454545587
37    -85.45454545454413
38    -12.363636363636033
39    -69.27272727272793
40    -21.181818181819835
41    45.9090909090919
42    -17.0
43    -14.829059829058679
44    -16.658119658120995
45    -54.487179487179674
46    -79.31623931623835
47    29.85470085469933
48    -58.97435897435935
49    23.196581196581974
50    86.36752136751966
51    -22.46153846153902
52    23.7094017094023
53    120.88034188034362
54    -20.948717948718695
55    -129.77777777777737
56    69.39316239316395
57    -98.43589743589837
58    -73.26495726495705
59    54.905982905984274
60    180.07692307692196
61    227.24786324786328
62    251.4188034188046
63    254.58974358974228
64    269.7606837606836
65    191.93162393162493
66    187.1025641025626
67    187.27350427350393
68    332.44444444444525
69    243.61538461538294
70    413.78632478632426
71    406.9572649572656
72    455.12820512820326
73    313.2991452991446
74    485.4700854700859
75    539.6410256410272
76    572.8119658119649
77    708.9829059829062
78    611.1538461538476
79    696.3247863247852
80    538.4957264957266
81    615.6666666666679
82    664.8376068376056
83    578.0085470085469
84    693.1794871794882
85    710.3504273504259
86    724.5213675213672
87    817.6923076923085
88    992.8632478632462
89    932.0341880341875
90    996.2051282051289
91    1034.3760683760702
92    1067.5470085470079
93    1120.7179487179492
94    1217.8888888888905
95    1159.0598290598282
96    1194.2307692307695
97    1276.4017094017108
98    1357.5726495726485
99    1544.7435897435898
100    1315.9145299145312
101    1470.0854700854688
102    1411.2564102564102
103    1484.4273504273515
104    1488.5982905982892
105    1445.7692307692305
106    1344.9401709401718
107    1444.1111111111095
108    1429.2820512820508
109    1421.4529914529921
110    1356.6239316239298
111    1318.7948717948711
112    1334.9658119658125
113    1302.1367521367538
114    1284.3076923076915
115    1269.4786324786328
116    1324.649572649574
117    1149.8205128205118
118    1247.9914529914531
119    1224.1623931623944
120    1268.3333333333321
121    1029.5042735042734
122    1158.6752136752148
123    1093.8461538461524
124    1071.0170940170938
125    997.1880341880351
126    935.3589743589728
127    816.5299145299141
128    886.7008547008554
129    842.8717948717967
130    745.0427350427344
131    764.2136752136757
132    716.3846153846171
133    565.5555555555547
134    691.7264957264961
135    596.8974358974374
136    519.0683760683751
137    502.2393162393164
138    689.4102564102577
139    838.5811965811954
140    566.7521367521367
141    461.92307692307804
142    322.0940170940157
143    446.26495726495705
144    342.43589743589837
145    318.60683760683605
146    176.77777777777737
147    252.9487179487187
148    202.11965811965638
149    109.2905982905977
150    145.46153846153902
151    128.6324786324767
152    149.80341880341803
153    18.974358974359347
154    7.145299145300669
155    136.31623931623835
156    -82.51282051282033
157    -127.341880341879
158    64.82905982905868
159    -53.0
160    -17.0
161    -195.0
162    -168.0
163    -130.0
164    -42.0
165    -159.0
166    -216.0
167    -175.0
168    -120.0
169    -56.0
170    69.0
171    29.0
172    145.0
173    71.0
174    172.0
175    188.0
176    160.0
177    62.0
178    187.0
179    63.0
180    180.0
181    195.0
182    190.0
183    151.0
184    278.0
185    109.0
186    141.0
187    -29.0
188    -42.0
189    79.0
190    4.0
191    0.0
192    67.0
193    -34.0
194    -97.0
195    -25.0
196    -208.0
197    67.0
198    -78.0
199    42.0
200    26.0
201    -131.0
202    45.0
203    -57.0
204    -33.0
205    -47.0
206    16.0
207    -62.0
208    24.0
209    -26.727272727272066
210    39.54545454545587
211    -17.181818181819835
212    3.0909090909080987
213    93.36363636363603
214    28.636363636363967
215    21.9090909090919
216    30.181818181819835
217    -1.5454545454558684
218    -215.27272727272793
219    -26.0
220    -46.727272727272066
221    -32.45454545454413
222    -10.181818181819835
223    -87.9090909090919
224    -164.63636363636397
225    -20.363636363636033
226    -97.0909090909081
227    -145.81818181818016
228    -97.54545454545587
229    -192.27272727272793
230    -197.0
231    -59.727272727272066
232    -43.45454545454413
233    -212.18181818181984
234    -93.9090909090919
235    -111.63636363636397
236    -196.36363636363603
237    -201.0909090909081
238    -215.81818181818016
239    -276.54545454545587
240    -229.27272727272793
241    -189.0
242    -8.417322834644438
243    -71.83464566929251
244    -117.25196850393695
245    -126.66929133858139
246    49.913385826770536
247    -70.5039370078739
248    -23.92125984251834
249    121.66141732283359
250    113.24409448818915
251    240.8267716535447
252    429.40944881889664
253    348.9921259842522
254    589.5748031496078
255    796.1574803149597
256    741.7401574803152
257    999.3228346456708
258    1105.9055118110227
259    1137.4881889763783
260    1188.0708661417339
261    1411.6535433070858
262    1581.2362204724413
263    1729.818897637797
264    1818.4015748031488
265    1924.9842519685044
266    1953.56692913386
267    2244.149606299212
268    2597.7322834645674
269    2526.314960629923
270    2750.897637795275
271    2687.4803149606305
272    2882.062992125986
273    2846.645669291338
274    3000.2283464566935
275    3214.8110236220455
276    3137.393700787401
277    3373.9763779527566
278    3249.5590551181085
279    3307.141732283464
280    3334.7244094488196
281    3316.3070866141716
282    3450.889763779527
283    3278.4724409448827
284    3339.0551181102346
285    3253.63779527559
286    3293.2204724409457
287    3259.8031496062977
288    2995.3858267716532
289    3021.968503937009
290    2844.5511811023607
291    2793.1338582677163
292    2732.716535433072
293    2618.2992125984238
294    2430.8818897637793
295    2175.464566929135
296    2185.047244094487
297    1993.6299212598424
298    1914.212598425198
299    1716.7952755905499
300    1617.3779527559054
301    1484.960629921261
302    1391.543307086613
303    1216.1259842519685
304    1284.708661417324
305    1048.291338582676
306    1106.8740157480315
307    979.4566929133871
308    906.039370078739
309    991.6220472440946
310    911.2047244094501
311    962.7874015748021
312    866.3700787401576
313    1002.9527559055132
314    890.5354330708651
315    986.1181102362207
316    939.7007874015762
317    1054.2834645669282
318    1135.8661417322837
319    1071.4488188976393
320    1093.0314960629912
321    1279.6141732283468
322    1230.1968503937023
323    1390.7795275590543
324    1309.3622047244098
325    1519.9448818897654
326    1492.5275590551173
327    1639.1102362204729
328    1788.6929133858284
329    1780.2755905511804
330    1977.858267716536
331    2046.4409448818915
332    2050.0236220472434
333    2080.606299212599
334    2342.1889763779545
335    2293.7716535433065
336    2303.354330708662
337    2365.9370078740176
338    2440.5196850393695
339    2440.102362204725
340    2414.6850393700806
341    2474.2677165354326
342    2377.850393700788
343    2287.4330708661437
344    2226.0157480314956
345    2198.598425196851
346    1968.181102362203
347    1934.7637795275587
348    1719.3464566929142
349    1448.9291338582661
350    1377.5118110236217
351    1156.0944881889773
352    1137.6771653543292
353    942.2598425196848
354    927.8425196850403
355    710.4251968503922
356    638.0078740157478
357    394.59055118110336
358    393.1732283464553
359    326.75590551181085
360    246.33858267716641
361    198.92125984251834
362    174.5039370078739
363    45.086614173229464
364    53.66929133858139
365    65.25196850393695
366    63.83464566929251
367    -52.58267716535556
368    11.0
369    -8.210526315790048
370    116.5789473684199
371    123.36842105262986
372    56.157894736843446
373    -25.052631578946603
374    131.73684210526335
375    130.5263157894733
376    275.31578947368325
377    253.1052631578932
378    314.8947368421068
379    257.68421052631675
380    466.4736842105267
381    477.26315789473665
382    499.0526315789466
383    683.8421052631566
384    648.6315789473701
385    984.4210526315801
386    913.21052631579
387    1179.0
388    1347.78947368421
389    1452.57894736842
390    1422.3684210526299
391    1695.1578947368434
392    1834.9473684210534
393    1932.7368421052633
394    1878.5263157894733
395    2145.3157894736833
396    2011.1052631578932
397    2201.894736842107
398    2126.6842105263167
399    2335.4736842105267
400    2221.2631578947367
401    2201.0526315789466
402    2245.8421052631566
403    2076.63157894737
404    2146.42105263158
405    2072.21052631579
406    2022.0
407    1951.78947368421
408    1909.57894736842
409    1622.3684210526299
410    1619.1578947368434
411    1719.9473684210534
412    1490.7368421052633
413    1389.5263157894733
414    1409.3157894736833
415    1381.1052631578932
416    1262.8947368421068
417    1211.6842105263167
418    1284.4736842105267
419    890.2631578947367
420    931.0526315789466
421    992.8421052631566
422    924.6315789473701
423    895.4210526315801
424    920.21052631579
425    946.0
426    797.78947368421
427    905.5789473684199
428    681.3684210526299
429    618.1578947368434
430    601.9473684210534
431    623.7368421052633
432    475.5263157894733
433    561.3157894736833
434    542.1052631578932
435    449.8947368421068
436    405.68421052631675
437    514.4736842105267
438    430.26315789473665
439    368.0526315789466
440    342.84210526315655
441    237.6315789473665
442    272.4210526315801
443    294.21052631579005
444    214.0
445    289.78947368420995
446    186.5789473684199
447    263.36842105262986
448    220.15789473684345
449    157.9473684210534
450    75.73684210526335
451    106.5263157894733
452    92.31578947368325
453    171.1052631578932
454    121.8947368421068
455    14.684210526316747
456    15.473684210526699
457    124.26315789473665
458    136.0526315789466
459    -4.157894736843446
460    42.631578947366506
461    151.4210526315801
462    146.21052631579005
463    102.0
464    -31.036144578312815
465    117.92771084337437
466    136.89156626506156
467    -8.144578313251259
468    -95.18072289156771
469    -38.216867469880526
470    -34.25301204819334
471    48.710843373493844
472    -40.32530120481897
473    -222.36144578313178
474    -87.3975903614446
475    31.566265060242586
476    143.53012048192613
477    190.49397590361332
478    93.4578313253005
479    160.4216867469877
480    150.38554216867487
481    140.34939759036206
482    305.31325301204924
483    161.27710843373643
484    415.24096385542
485    313.20481927710716
486    441.16867469879435
487    451.13253012048153
488    515.0963855421687
489    619.0602409638559
490    485.0240963855431
491    421.9879518072303
492    554.9518072289175
493    531.915662650601
494    525.8795180722882
495    432.8433734939754
496    605.8072289156626
497    400.77108433734975
498    380.73493975903693
499    263.6987951807241
500    295.6626506024113
501    336.62650602409485
502    205.59036144578204
503    249.55421686746922
504    228.5180722891564
505    213.4819277108436
506    169.44578313253078
507    51.40963855421796
508    24.37349397590515
509    34.337349397588696
510    150.30120481927588
511    95.26506024096307
512    270.22891566265025
513    89.19277108433744
514    236.15662650602462
515    281.1204819277118
516    265.084337349399
517    338.0481927710862
518    231.01204819276973
519    234.9759036144569
520    119.9397590361441
521    212.90361445783128
522    285.86746987951847
523    259.83132530120565
524    249.79518072289284
525    200.75903614458002
526    148.72289156626357
527    219.68674698795076
528    114.65060240963794
529    30.614457831325126
530    141.5783132530123
531    130.5421686746995
532    83.50602409638668
533    65.46987951807387
534    -122.56626506023895
535    25.3975903614446
536    9.361445783131785
537    -14.67469879518103
538    21.289156626506156
539    -203.74698795180666
540    -102.78313253011947
541    -213.8192771084323
542    -233.85542168674874
543    -129.89156626506156
544    -74.92771084337437
545    -129.96385542168719
546    -61.0
547    -20.766666666666424
548    6.466666666667152
549    -283.2999999999993
550    -49.0666666666657
551    85.16666666666788
552    73.40000000000146
553    300.63333333333503
554    303.86666666666497
555    334.09999999999854
556    228.33333333333212
557    268.5666666666657
558    356.7999999999993
559    376.03333333333285
560    516.2666666666664
561    505.5
562    679.7333333333336
563    696.9666666666672
564    762.2000000000007
565    805.4333333333343
566    1042.6666666666679
567    1020.9000000000015
568    1224.133333333335
569    1357.366666666665
570    1338.5999999999985
571    1452.8333333333321
572    1450.0666666666657
573    1561.2999999999993
574    1626.5333333333328
575    1616.7666666666664
576    1693.0
577    1982.2333333333336
578    2078.466666666667
579    2193.7000000000007
580    2314.9333333333343
581    2605.166666666668
582    2596.4000000000015
583    2860.633333333335
584    3240.866666666665
585    3581.0999999999985
586    3890.333333333332
587    4134.566666666666
588    4779.799999999999
589    5093.033333333333
590    5844.266666666666
591    6507.5
592    6963.73333333333
593    7721.966666666667
594    8388.199999999997
595    9148.433333333334
596    10042.666666666664
597    11072.900000000001
598    11993.133333333331
599    13078.366666666669
600    14150.599999999999
601    15071.833333333336
602    16102.066666666666
603    17176.300000000003
604    18015.533333333333
605    18976.76666666667
606    19668.0
607    20653.23333333333
608    21084.466666666667
609    21512.699999999997
610    21626.933333333334
611    21788.166666666664
612    21730.4
613    21418.63333333333
614    20818.86666666667
615    20249.1
616    19573.333333333336
617    18696.566666666666
618    17483.800000000003
619    16370.033333333333
620    15100.26666666667
621    13933.5
622    12739.73333333333
623    11681.966666666667
624    10594.199999999997
625    9553.433333333334
626    8561.666666666664
627    7682.9000000000015
628    6988.133333333331
629    6459.366666666669
630    5891.5999999999985
631    5277.833333333336
632    4840.066666666666
633    4688.300000000003
634    4305.533333333333
635    3965.76666666667
636    3649.0
637    3493.23333333333
638    3295.466666666667
639    3054.699999999997
640    2769.9333333333343
641    2545.1666666666642
642    2496.4000000000015
643    2200.6333333333314
644    2097.8666666666686
645    1968.0999999999985
646    1881.3333333333358
647    1866.5666666666657
648    1597.800000000003
649    1669.0333333333328
650    1396.26666666667
651    1393.5
652    1198.7333333333372
653    1073.9666666666672
654    1069.199999999997
655    857.4333333333343
656    603.6666666666642
657    560.9000000000015
658    494.1333333333314
659    343.3666666666686
660    353.59999999999854
661    265.83333333333576
662    123.0666666666657
663    362.3000000000029
664    123.53333333333285
665    29.766666666670062
666    -71.0
667    -17.79545454545587
668    66.40909090908826
669    -34.38636363636033
670    82.8181818181838
671    161.02272727272793
672    253.22727272727207
673    340.4318181818162
674    619.6363636363603
675    773.8409090909117
676    716.0454545454559
677    863.25
678    1083.4545454545441
679    1315.6590909090883
680    1348.8636363636397
681    1562.0681818181838
682    1623.272727272728
683    1775.477272727272
684    1964.6818181818162
685    2101.8863636363603
686    1901.0909090909117
687    2078.295454545456
688    2097.5
689    2118.704545454544
690    2045.9090909090883
691    1947.1136363636397
692    1989.3181818181838
693    1897.522727272728
694    1793.727272727272
695    1411.9318181818162
696    1484.1363636363603
697    1302.3409090909117
698    967.5454545454559
699    902.75
700    769.9545454545441
701    893.1590909090883
702    770.3636363636397
703    406.5681818181838
704    383.77272727272793
705    406.97727272727207
706    119.1818181818162
707    47.38636363636033
708    94.59090909091174
709    -26.20454545454413
710    33.0
711    0.5416666666642413
712    31.08333333333576
713    40.625
714    -80.83333333333576
715    -55.29166666666424
716    -120.75
717    2.7916666666642413
718    -22.66666666666424
719    -124.125
720    -49.58333333333576
721    -28.04166666666424
722    70.5
723    106.04166666666424
724    33.58333333333576
725    -80.875
726    -81.33333333333576
727    -78.79166666666424
728    113.75
729    -68.70833333333576
730    132.83333333333576
731    -53.625
732    27.91666666666424
733    48.45833333333576
734    71.0
735    -9.521739130432252
736    288.9565217391282
737    72.43478260869597
738    167.91304347826372
739    233.3913043478242
740    280.86956521739194
741    145.34782608695969
742    417.82608695652016
743    316.3043478260879
744    454.78260869565565
745    568.2608695652161
746    502.7391304347839
747    590.2173913043443
748    559.6956521739121
749    673.1739130434798
750    836.6521739130403
751    1045.130434782608
752    937.6086956521758
753    1069.0869565217363
754    1261.565217391304
755    1405.0434782608718
756    1526.5217391304323
757    1616.0
758    1603.4782608695677
759    1520.9565217391282
760    1472.434782608696
761    1579.9130434782637
762    1766.3913043478242
763    1694.869565217392
764    1717.3478260869597
765    1568.8260869565202
766    1508.304347826088
767    1551.7826086956557
768    1476.2608695652161
769    1303.7391304347839
770    1265.2173913043443
771    1105.695652173912
772    1056.1739130434798
773    961.6521739130403
774    1063.130434782608
775    664.6086956521758
776    799.0869565217363
777    461.56521739130403
778    525.0434782608718
779    223.52173913043225
780    275.0
781    153.47826086956775
782    71.95652173912822
783    46.43478260869597
784    74.91304347826372
785    -90.60869565217581
786    -62.13043478260806
787    -225.65217391304031
788    -104.17391304347984
789    -117.6956521739121
790    -171.21739130434435
791    -106.73913043478387
792    14.739130434783874
793    -38.782608695655654
794    35.695652173912094
795    -120.82608695652016
796    -89.34782608695969
797    -110.86956521739194
798    -54.39130434782419
799    -101.91304347826372
800    -223.43478260869597
801    -1.9565217391282204
802    57.52173913043225
803    239.0
804    300.47826086956775
805    180.95652173912822
806    208.43478260869597
807    167.91304347826372
808    178.3913043478242
809    181.86956521739194
810    259.3478260869597
811    278.82608695652016
812    261.3043478260879
813    363.78260869565565
814    466.2608695652161
815    295.7391304347839
816    358.21739130434435
817    176.6956521739121
818    144.17391304347984
819    225.65217391304031
820    69.13043478260806
821    4.608695652175811
822    -65.91304347826372
823    33.56521739130403
824    29.04347826087178
825    -72.47826086956775
826    -24.0
827    -9.546798029557976
828    149.90640394088405
829    -20.640394088666653
830    84.81280788177537
831    43.266009852217394
832    120.71921182265942
833    359.17241379310144
834    226.62561576354346
835    483.07881773399276
836    612.5320197044348
837    681.9852216748768
838    869.4384236453188
839    957.8916256157609
840    1041.3448275862102
841    1099.7980295566522
842    1398.2512315270942
843    1526.7044334975362
844    1660.1576354679783
845    1803.6108374384203
846    2159.0640394088696
847    2489.5172413793116
848    2705.9704433497536
849    2882.4236453201956
850    3218.8768472906377
851    3530.330049261087
852    3706.783251231529
853    4115.236453201971
854    4408.689655172413
855    4846.142857142855
856    5136.596059113297
857    5367.049261083746
858    5616.502463054188
859    5790.95566502463
860    6149.4088669950725
861    6559.8620689655145
862    7054.315270935964
863    7265.768472906406
864    7659.221674876848
865    8068.67487684729
866    8409.128078817732
867    8749.581280788174
868    8889.034482758623
869    9090.487684729065
870    9454.940886699507
871    9612.39408866995
872    9667.847290640391
873    9926.30049261084
874    9901.753694581283
875    10019.206896551725
876    9914.660098522167
877    9767.113300492609
878    9791.56650246305
879    9742.0197044335
880    9397.472906403942
881    9243.926108374384
882    8908.379310344826
883    8450.832512315268
884    8241.285714285717
885    8039.738916256159
886    7583.192118226601
887    7310.6453201970435
888    6869.0985221674855
889    6603.5517241379275
890    6333.004926108377
891    6037.458128078819
892    5874.911330049261
893    5560.364532019703
894    5515.817733990145
895    5318.270935960594
896    5046.724137931036
897    5037.177339901478
898    4927.63054187192
899    4876.083743842362
900    4913.536945812812
901    4726.990147783254
902    4693.443349753696
903    4687.896551724138
904    4360.34975369458
905    4260.802955665022
906    4107.256157635471
907    3857.709359605913
908    4048.162561576355
909    3721.615763546797
910    3467.068965517239
911    3138.522167487681
912    3119.9753694581304
913    2866.4285714285725
914    2676.8817733990145
915    2688.3349753694565
916    2359.7881773398985
917    2322.241379310348
918    2202.69458128079
919    2090.147783251232
920    1943.600985221674
921    1893.054187192116
922    1824.5073891625652
923    1821.9605911330073
924    1685.4137931034493
925    1720.8669950738913
926    1973.3201970443333
927    1793.7733990147754
928    1881.2266009852246
929    1931.6798029556667
930    1953.1330049261087
931    1932.5862068965507
932    2009.0394088669927
933    2364.492610837442
934    2345.945812807884
935    2265.399014778326
936    2524.852216748768
937    2530.30541871921
938    2674.758620689652
939    2715.2118226601015
940    3026.6650246305435
941    3412.1182266009855
942    3592.5714285714275
943    3660.0246305418696
944    3775.477832512319
945    3937.931034482761
946    3974.384236453203
947    4234.837438423645
948    4371.290640394087
949    4620.743842364529
950    4859.197044334978
951    5190.65024630542
952    5231.103448275862
953    5430.556650246304
954    5726.009852216746
955    5722.463054187196
956    5848.916256157638
957    6000.36945812808
958    5982.822660098522
959    6030.275862068964
960    6120.729064039406
961    5850.182266009855
962    5753.635467980297
963    5621.088669950739
964    5426.541871921181
965    5166.995073891623
966    4892.4482758620725
967    4546.9014778325145
968    4301.3546798029565
969    4260.807881773399
970    3908.2610837438406
971    3678.7142857142826
972    3310.167487684732
973    3122.620689655174
974    2856.073891625616
975    2716.527093596058
976    2630.9802955665
977    2481.4334975369493
978    2373.8866995073913
979    2108.3399014778333
980    2023.7931034482754
981    1897.2463054187174
982    1726.6995073891594
983    1642.1527093596087
984    1593.6059113300507
985    1476.0591133004928
986    1220.5123152709348
987    1031.9655172413768
988    989.4187192118261
989    1004.8719211822681
990    829.3251231527101
991    755.7783251231522
992    861.2315270935942
993    706.6847290640362
994    643.1379310344855
995    798.5911330049275
996    587.0443349753696
997    321.4975369458116
998    595.9507389162536
999    522.4039408867029
1000    426.85714285714494
1001    422.31034482758696
1002    229.76354679802898
1003    136.216748768471
1004    220.66995073891303
1005    195.12315270936233
1006    108.57635467980435
1007    318.0295566502464
1008    398.4827586206884
1009    248.93596059113042
1010    1251.3891625615797
1011    227.84236453202175
1012    454.29556650246377
1013    577.7487684729058
1014    1124.2019704433478
1015    1338.6551724137898
1016    189.10837438423914
1017    223.56157635468116
1018    117.01477832512319
1019    306.4679802955652
1020    112.92118226600724
1021    60.374384236456535
1022    -16.17241379310144
1023    -9.719211822659418
1024    -26.266009852217394
1025    -113.81280788177537
1026    -88.35960591133335
1027    104.09359605911595
1028    -8.453201970442024
1029    -115.0
1030    6.70652173912822
1031    -49.58695652173628
1032    42.11956521739194
1033    -48.17391304347984
1034    -30.467391304344346
1035    -161.76086956521613
1036    0.9456521739120944
1037    37.652173913040315
1038    58.35869565217581
1039    -67.93478260869597
1040    -31.228260869567748
1041    -160.52173913043225
1042    -99.81521739130403
1043    -153.1086956521758
1044    -133.40217391304031
1045    -142.6956521739121
1046    -216.98913043478387
1047    -129.28260869565565
1048    -111.57608695652016
1049    -10.869565217391937
1050    -103.16304347826372
1051    53.54347826087178
1052    -160.75
1053    40.95652173912822
1054    -39.33695652173628
1055    137.36956521739194
1056    -36.92391304347984
1057    -26.217391304344346
1058    66.48913043478387
1059    -49.804347826087906
1060    79.90217391304031
1061    37.60869565217581
1062    -129.68478260869597
1063    -73.97826086956775
1064    -170.27173913043225
1065    -162.56521739130403
1066    -103.85869565217581
1067    19.847826086959685
1068    -19.445652173912094
1069    -16.739130434783874
1070    -196.03260869565565
1071    -70.32608695652016
1072    51.38043478260806
1073    212.08695652173628
1074    -26.20652173912822
1075    67.5
1076    215.20652173912822
1077    54.91304347826372
1078    343.61956521739194
1079    229.32608695652016
1080    207.03260869565565
1081    321.7391304347839
1082    443.4456521739121
1083    447.1521739130403
1084    393.8586956521758
1085    189.56521739130403
1086    249.27173913043225
1087    257.97826086956775
1088    354.68478260869597
1089    196.3913043478242
1090    150.09782608695969
1091    289.8043478260879
1092    195.51086956521613
1093    67.21739130434435
1094    324.92391304347984
1095    194.63043478260806
1096    112.33695652173628
1097    -32.95652173912822
1098    -77.25
1099    -0.5434782608717796
1100    -50.83695652173628
1101    -61.13043478260806
1102    -196.42391304347984
1103    -89.71739130434435
1104    -119.01086956521613
1105    -165.3043478260879
1106    -199.59782608695969
1107    -26.89130434782419
1108    -95.18478260869597
1109    -141.47826086956775
1110    -181.77173913043225
1111    -58.06521739130403
1112    -273.3586956521758
1113    -275.6521739130403
1114    -229.9456521739121
1115    -206.23913043478387
1116    -243.53260869565565
1117    -229.82608695652016
1118    -281.11956521739194
1119    -210.41304347826372
1120    36.29347826087178
1121    -146.0
1122    -3.23636363636615
1123    -189.47272727272502
1124    -67.70909090909117
1125    -22.945454545457324
1126    86.8181818181838
1127    106.58181818181765
1128    167.3454545454515
1129    52.10909090909263
1130    69.87272727272648
1131    97.63636363636033
1132    55.400000000001455
1133    70.1636363636353
1134    3.9272727272691554
1135    -56.30909090908972
1136    -100.54545454545587
1137    -9.781818181814742
1138    -39.01818181818089
1139    11.745454545452958
1140    -95.49090909090592
1141    89.27272727272793
1142    -39.963636363638216
1143    -240.1999999999971
1144    126.56363636363676
1145    -81.67272727272939
1146    -14.909090909088263
1147    -120.14545454545441
1148    -114.38181818182056
1149    -133.61818181817944
1150    -133.8545454545456
1151    -84.09090909091174
1152    15.67272727272939
1153    -107.56363636363676
1154    -122.80000000000291
1155    3.9636363636382157
1156    -147.27272727272793
1157    -159.50909090909408
1158    -162.74545454545296
1159    -42.98181818181911
1160    -319.21818181818526
1161    -85.45454545454413
1162    -87.69090909091028
1163    82.07272727273084
1164    -179.1636363636353
1165    -106.40000000000146
1166    -125.63636363636033
1167    -101.87272727272648
1168    -8.109090909092629
1169    -120.3454545454515
1170    55.41818181818235
1171    18.181818181816197
1172    -27.054545454542676
1173    65.70909090909117
1174    94.47272727272502
1175    -137.76363636363385
1176    -222.0
1177    -6.61224489795859
1178    -108.22448979591718
1179    -0.8367346938757692
1180    -24.44897959183436
1181    -78.06122448979295
1182    -148.67346938775154
1183    -33.285714285717404
1184    -101.897959183676
1185    52.48979591836542
1186    21.877551020406827
1187    -56.73469387755176
1188    49.65306122448965
1189    3.0408163265310577
1190    -28.571428571427532
1191    155.81632653061388
1192    -35.79591836734471
1193    -70.4081632653033
1194    -85.02040816326189
1195    -222.63265306122776
1196    -85.24489795918635
1197    -4.857142857144936
1198    64.53061224489647
1199    -81.08163265306212
1200    51.306122448979295
1201    -4.306122448979295
1202    -87.91836734693788
1203    13.469387755103526
1204    -16.142857142855064
1205    155.24489795918635
1206    122.63265306122776
1207    123.02040816326189
1208    260.4081632653033
1209    25.79591836734471
1210    67.18367346938612
1211    40.57142857142753
1212    44.95918367346894
1213    26.346938775510353
1214    -20.265306122448237
1215    4.122448979593173
1216    136.51020408163458
1217    -25.102040816324006
1218    -45.714285714282596
1219    -23.32653061224846
1220    150.06122448979295
1221    129.44897959183436
1222    168.83673469387577
1223    -7.775510204082821
1224    -36.38775510204141
1225    -43.0
1226    -0.5999999999985448
1227    -88.19999999999709
1228    65.19999999999709
1229    -83.40000000000146
1230    -147.0
1231    -63.599999999998545
1232    -44.19999999999709
1233    116.19999999999709
1234    -56.400000000001455
1235    8.0
1236    -73.59999999999854
1237    35.80000000000291
1238    31.19999999999709
1239    -0.4000000000014552
1240    -5.0
1241    47.400000000001455
1242    146.8000000000029
1243    15.19999999999709
1244    58.599999999998545
1245    55.0
1246    68.40000000000146
1247    -209.1999999999971
1248    -127.80000000000291
1249    49.599999999998545
1250    12.0
1251    -13.097560975613305
1252    -9.195121951219335
1253    -127.29268292683264
1254    -195.39024390243867
1255    48.512195121948025
1256    -140.585365853658
1257    -182.6829268292713
1258    -347.78048780487734
1259    -300.87804878049064
1260    -239.97560975609667
1261    -354.07317073171
1262    -250.170731707316
1263    -191.2682926829293
1264    -132.36585365853534
1265    -106.46341463414865
1266    -131.56097560975468
1267    -125.65853658536798
1268    50.24390243902599
1269    -78.85365853658732
1270    23.048780487806653
1271    25.951219512193347
1272    -8.146341463412682
1273    -175.243902439026
1274    -225.34146341463202
1275    -63.43902439024532
1276    -61.53658536585135
1277    -189.63414634146466
1278    -88.73170731707069
1279    -218.829268292684
1280    -24.92682926829002
1281    -96.02439024390333
1282    -97.12195121950936
1283    -107.21951219512266
1284    -111.31707317072869
1285    -101.414634146342
1286    -330.512195121948
1287    -27.60975609756133
1288    -90.70731707316736
1289    -131.80487804878067
1290    -88.9024390243867
1291    -182.0
1292    -6.919999999998254
1293    2.1600000000034925
1294    138.23999999999796
1295    -65.68000000000029
1296    -87.59999999999854
1297    -109.5199999999968
1298    -93.44000000000233
1299    45.63999999999942
1300    43.720000000001164
1301    16.80000000000291
1302    107.87999999999738
1303    89.95999999999913
1304    76.04000000000087
1305    55.12000000000262
1306    -39.80000000000291
1307    17.279999999998836
1308    -130.63999999999942
1309    7.440000000002328
1310    -21.4800000000032
1311    -40.400000000001455
1312    -166.3199999999997
1313    -183.23999999999796
1314    -56.16000000000349
1315    -174.08000000000175
1316    -117.0
1317    -13.5
1318    106.0
1319    42.5
1320    66.0
1321    139.5
1322    46.0
1323    163.5
1324    32.0
1325    122.5
1326    35.0
1327    108.5
1328    184.0
1329    -36.5
1330    8.0
1331    -46.5
1332    79.0
1333    0.0
1334    -19.0
1335    45.0
1336    -7.0
1337    59.0
1338    -24.0
1339    71.0
1340    184.0
