1    -520.0
2    -309.0
3    -104.0
4    -120.0
5    -103.0
6    -245.0
7    -161.0
8    -88.0
9    -62.0
10    -70.0
11    -9.717948717949184
12    -50.43589743589837
13    -58.15384615384755
14    -72.8717948717931
15    -76.58974358974228
16    -108.30769230769147
17    -63.02564102564065
18    -59.74358974358984
19    -171.46153846153902
20    -145.1794871794882
21    -196.8974358974374
22    -215.61538461538294
23    -212.33333333333212
24    -202.0512820512813
25    -245.7692307692305
26    -224.48717948717967
27    -346.20512820512886
28    -319.92307692307804
29    -340.6410256410272
30    -378.3589743589728
31    -368.07692307692196
32    -371.79487179487114
33    -421.5128205128203
34    -396.2307692307695
35    -490.9487179487187
36    -475.6666666666679
37    -427.38461538461706
38    -517.1025641025626
39    -580.8205128205118
40    -568.538461538461
41    -537.2564102564102
42    -539.9743589743593
43    -614.6923076923085
44    -512.4102564102577
45    -647.1282051282033
46    -609.8461538461524
47    -605.5641025641016
48    -552.2820512820508
49    -586.0
50    -214.71794871794918
51    -320.43589743589837
52    -288.15384615384755
53    -480.8717948717931
54    -656.5897435897423
55    -635.3076923076915
56    -563.0256410256407
57    -669.7435897435898
58    -551.461538461539
59    -571.1794871794882
60    -521.8974358974374
61    -498.61538461538294
62    -567.3333333333321
63    -516.0512820512813
64    -504.7692307692305
65    -462.4871794871797
66    -515.2051282051289
67    -382.92307692307804
68    -362.6410256410272
69    -382.3589743589728
70    -306.07692307692196
71    -325.79487179487114
72    -282.5128205128203
73    -268.2307692307695
74    -236.9487179487187
75    -190.66666666666788
76    -141.38461538461706
77    -200.1025641025626
78    -114.8205128205118
79    -150.53846153846098
80    -140.25641025641016
81    -122.97435897435935
82    -52.69230769230853
83    -141.41025641025772
84    0.8717948717967374
85    -72.84615384615245
86    27.43589743589837
87    60.717948717949184
88    102.0
89    74.28205128205082
90    194.56410256410163
91    207.84615384615245
92    277.1282051282069
93    215.41025641025772
94    367.69230769230853
95    374.97435897435935
96    393.25641025641016
97    445.538461538461
98    317.8205128205118
99    443.1025641025626
100    451.38461538461706
101    472.6666666666679
102    581.9487179487187
103    566.2307692307695
104    478.5128205128203
105    513.7948717948711
106    523.076923076922
107    426.3589743589728
108    488.6410256410272
109    458.92307692307804
110    417.20512820512886
111    399.4871794871797
112    378.7692307692305
113    357.0512820512813
114    311.3333333333321
115    392.61538461538294
116    289.8974358974374
117    300.1794871794882
118    278.461538461539
119    270.74358974358984
120    301.02564102564065
121    245.30769230769147
122    233.58974358974228
123    182.87179487179674
124    16.153846153847553
125    23.43589743589837
126    -46.282051282050816
127    13.0
128    3.35365853658368
129    -67.292682926829
130    -91.93902439024532
131    -91.585365853658
132    -102.23170731707432
133    -182.878048780487
134    -151.52439024390333
135    -188.170731707316
136    -283.81707317073233
137    -297.463414634145
138    -273.10975609756133
139    -262.756097560974
140    -764.4024390243903
141    -284.04878048780665
142    -410.69512195121933
143    -501.34146341463565
144    -451.98780487804834
145    -526.6341463414647
146    -405.28048780487734
147    -563.9268292682937
148    -527.5731707317063
149    -641.2195121951227
150    -591.8658536585353
151    -587.5121951219517
152    -670.1585365853643
153    -632.8048780487807
154    -665.4512195121933
155    -684.0975609756097
156    -693.743902439026
157    -688.3902439024387
158    -667.036585365855
159    -657.6829268292677
160    -711.329268292684
161    -623.9756097560967
162    -652.621951219513
163    -612.2682926829257
164    -590.914634146342
165    -560.5609756097547
166    -556.207317073171
167    -572.8536585365837
168    -545.5
169    -596.1463414634163
170    -494.792682926829
171    -502.4390243902453
172    -421.085365853658
173    -382.7317073170743
174    -318.378048780487
175    -283.0243902439033
176    -248.670731707316
177    -282.31707317073233
178    -237.963414634145
179    -186.60975609756133
180    -220.256097560974
181    -219.90243902439033
182    -130.54878048780665
183    -353.19512195121933
184    -243.84146341463565
185    -264.48780487804834
186    -348.13414634146466
187    -257.78048780487734
188    -199.42682926829366
189    -282.07317073170634
190    -205.71951219512266
191    -240.36585365853534
192    -221.01219512195166
193    -242.65853658536435
194    -219.30487804878067
195    -176.95121951219335
196    -222.59756097560967
197    -204.243902439026
198    -209.89024390243867
199    -143.536585365855
200    -184.18292682926767
201    -128.829268292684
202    -99.47560975609667
203    -92.121951219513
204    -90.76829268292568
205    -127.414634146342
206    -122.06097560975468
207    -39.707317073171
208    -47.35365853658368
209    -27.0
210    -21.69841269841345
211    -29.396825396826898
212    -80.09523809523671
213    27.20634920634984
214    -61.49206349206361
215    -84.19047619047706
216    -40.888888888890506
217    -105.58730158730032
218    -132.28571428571377
219    -90.98412698412722
220    -134.68253968254066
221    -71.38095238095411
222    -216.07936507936392
223    -116.77777777777737
224    -222.47619047619082
225    -204.17460317460427
226    -164.87301587301772
227    -256.57142857142753
228    -297.269841269841
229    -197.96825396825443
230    -319.6666666666679
231    -259.3650793650777
232    -239.06349206349114
233    -248.7619047619046
234    -339.46031746031804
235    -311.1587301587315
236    -376.8571428571413
237    -371.55555555555475
238    -355.2539682539682
239    -391.95238095238165
240    -287.6507936507951
241    -376.3492063492049
242    -415.04761904761835
243    -339.7460317460318
244    -381.44444444444525
245    -425.1428571428587
246    -387.8412698412685
247    -302.53968253968196
248    -274.2380952380954
249    -337.93650793650886
250    -306.6349206349223
251    -195.33333333333212
252    -52.03174603174557
253    -195.73015873015902
254    -20.428571428572468
255    28.873015873014083
256    64.17460317460427
257    218.47619047619082
258    374.7777777777774
259    399.0793650793639
260    565.3809523809541
261    614.6825396825407
262    823.9841269841272
263    873.2857142857138
264    1015.5873015873003
265    1127.8888888888905
266    1191.190476190477
267    1330.4920634920636
268    1533.7936507936502
269    1562.0952380952367
270    1663.396825396827
271    1764.6984126984134
272    1806.0
273    1980.3015873015866
274    2084.603174603173
275    2061.9047619047633
276    2176.20634920635
277    2128.5079365079364
278    2111.809523809523
279    2093.1111111111095
280    2026.4126984126997
281    2160.7142857142862
282    2157.015873015873
283    2058.3174603174593
284    1950.619047619046
285    1901.920634920636
286    1859.2222222222226
287    1811.5238095238092
288    1605.8253968253957
289    1639.1269841269823
290    1435.4285714285725
291    1488.730158730159
292    1220.0317460317456
293    1085.3333333333321
294    919.6349206349187
295    729.9365079365089
296    656.2380952380954
297    519.539682539682
298    355.8412698412685
299    197.1428571428587
300    74.44444444444525
301    -94.2539682539682
302    -300.95238095238165
303    -533.6507936507951
304    -539.3492063492049
305    -562.0476190476184
306    -527.7460317460318
307    -717.4444444444453
308    -809.1428571428587
309    -783.8412698412685
310    -853.539682539682
311    -874.2380952380954
312    -881.9365079365089
313    -909.6349206349223
314    -923.3333333333321
315    -896.0317460317456
316    -950.730158730159
317    -913.4285714285725
318    -918.1269841269823
319    -843.8253968253957
320    -805.5238095238092
321    -757.2222222222226
322    -760.9206349206361
323    -746.6190476190459
324    -660.3174603174593
325    -736.0158730158728
326    -612.7142857142862
327    -520.4126984126997
328    -390.1111111111095
329    -361.80952380952294
330    -359.5079365079364
331    -261.20634920634984
332    -202.9047619047633
333    -123.6031746031731
334    -59.30158730158655
335    -64.0
336    18.296703296702617
337    126.59340659340523
338    122.89010989011149
339    100.1868131868141
340    280.4835164835167
341    216.78021978021934
342    50.07692307692196
343    -47.626373626375425
344    -39.32967032966917
345    -108.03296703296655
346    -302.73626373626394
347    -348.4395604395613
348    -457.1428571428587
349    -622.8461538461524
350    -730.5494505494498
351    -803.2527472527472
352    -972.9560439560446
353    -1045.659340659342
354    -1126.3626373626357
355    -1251.065934065933
356    -1245.7692307692305
357    -1390.4725274725279
358    -1520.1758241758253
359    -1656.8791208791226
360    -1629.5824175824164
361    -1687.2857142857138
362    -1665.9890109890111
363    -1712.6923076923085
364    -1694.395604395606
365    -1772.0989010988997
366    -1804.802197802197
367    -1783.5054945054944
368    -1694.2087912087918
369    -1739.9120879120892
370    -1683.615384615383
371    -1782.3186813186803
372    -1646.0219780219777
373    -1648.725274725275
374    -1583.4285714285725
375    -1461.1318681318699
376    -1373.8351648351636
377    -1368.538461538461
378    -1253.2417582417584
379    -1241.9450549450557
380    -1115.6483516483531
381    -988.3516483516469
382    -1011.0549450549443
383    -769.7582417582416
384    -703.461538461539
385    -473.1648351648364
386    -371.8681318681338
387    -292.57142857142753
388    -201.27472527472491
389    -73.9780219780223
390    102.31868131868032
391    271.61538461538294
392    387.9120879120892
393    507.2087912087918
394    625.5054945054944
395    735.802197802197
396    764.0989010988997
397    858.3956043956059
398    1014.6923076923085
399    1087.9890109890111
400    1030.2857142857138
401    1008.5824175824164
402    1010.8791208791226
403    899.1758241758253
404    858.4725274725279
405    819.7692307692305
406    784.0659340659331
407    663.3626373626357
408    642.659340659342
409    561.9560439560446
410    539.2527472527472
411    466.54945054944983
412    512.8461538461524
413    366.1428571428587
414    420.4395604395613
415    315.73626373626394
416    311.03296703296655
417    232.32967032966917
418    276.6263736263718
419    73.92307692307804
420    103.21978021978066
421    71.51648351648328
422    -13.186813186814106
423    -14.89010989011149
424    105.40659340659477
425    43.70329670329738
426    31.0
427    -3.634146341464657
428    -52.268292682925676
429    -150.90243902439033
430    -166.536585365855
431    -243.170731707316
432    -242.80487804878067
433    -315.4390243902453
434    -393.07317073170634
435    -399.707317073171
436    -466.34146341463565
437    -532.9756097560967
438    -474.60975609756133
439    -503.243902439026
440    -622.878048780487
441    -617.5121951219517
442    -612.1463414634163
443    -647.7804878048773
444    -640.414634146342
445    -630.0487804878067
446    -708.6829268292677
447    -687.3170731707323
448    -649.9512195121933
449    -700.585365853658
450    -634.2195121951227
451    -695.8536585365837
452    -686.4878048780483
453    -882.121951219513
454    -766.756097560974
455    -790.3902439024387
456    -819.0243902439033
457    -797.6585365853643
458    -865.292682926829
459    -794.9268292682937
460    -802.5609756097547
461    -776.1951219512193
462    -751.829268292684
463    -788.463414634145
464    -856.0975609756097
465    -806.7317073170743
466    -774.3658536585353
467    -806.0
468    -837.6341463414647
469    -748.2682926829257
470    -833.9024390243903
471    -730.536585365855
472    -738.170731707316
473    -812.8048780487807
474    -677.4390243902453
475    -650.0731707317063
476    -600.707317073171
477    -558.3414634146357
478    -642.9756097560967
479    -496.60975609756133
480    -511.243902439026
481    -498.878048780487
482    -343.51219512195166
483    -223.14634146341632
484    -166.78048780487734
485    -74.414634146342
486    -106.04878048780665
487    46.31707317073233
488    24.68292682926767
489    156.04878048780665
490    150.414634146342
491    99.78048780487734
492    210.14634146341632
493    222.51219512195166
494    116.878048780487
495    248.243902439026
496    235.60975609756133
497    147.97560975609667
498    187.34146341463565
499    268.707317073171
500    152.07317073170634
501    -39.56097560975468
502    -16.195121951219335
503    17.17073170731601
504    94.53658536585499
505    175.90243902439033
506    42.268292682925676
507    26.634146341464657
508    -47.0
509    -42.62992125984238
510    26.740157480315247
511    -81.88976377952713
512    -200.5196850393695
513    -94.14960629921188
514    -120.77952755905426
515    -66.40944881889664
516    -60.03937007873901
517    -105.66929133858139
518    -37.299212598423765
519    -96.92913385826614
520    -112.55905511810852
521    -219.18897637795453
522    -186.8188976377969
523    -193.44881889763928
524    -159.07874015748166
525    -229.70866141732404
526    -270.3385826771664
527    -356.9685039370088
528    -369.59842519685117
529    -429.22834645669354
530    -384.8582677165359
531    -582.4881889763783
532    -514.1181102362207
533    -572.748031496063
534    -734.3779527559054
535    -776.0078740157478
536    -791.6377952755902
537    -812.2677165354326
538    -856.8976377952749
539    -952.5275590551173
540    -1012.1574803149597
541    -897.7874015748021
542    -976.4173228346444
543    -1092.0472440944868
544    -993.6771653543292
545    -1071.3070866141716
546    -1125.9370078740176
547    -1157.5669291338563
548    -1209.1968503937023
549    -1097.8267716535447
550    -1102.456692913387
551    -1059.0866141732295
552    -1182.7165354330718
553    -1096.3464566929142
554    -1162.9763779527566
555    -1061.606299212599
556    -953.2362204724413
557    -1018.8661417322837
558    -972.4960629921261
559    -1025.1259842519685
560    -895.7559055118109
561    -874.3858267716532
562    -869.0157480314956
563    -863.645669291338
564    -791.2755905511804
565    -735.9055118110227
566    -625.5354330708651
567    -694.1653543307075
568    -615.7952755905499
569    -449.42519685039224
570    -540.0551181102346
571    -518.6850393700806
572    -454.31496062991937
573    -402.9448818897654
574    -402.57480314960776
575    -367.20472440945014
576    -140.8346456692925
577    -177.4645669291349
578    -4.094488188977266
579    62.27559055118036
580    181.64566929133798
581    412.0157480314956
582    499.3858267716532
583    685.7559055118109
584    938.1259842519685
585    1208.496062992126
586    1513.8661417322837
587    1681.2362204724413
588    2134.606299212599
589    2650.9763779527566
590    3111.346456692914
591    3609.716535433072
592    4177.0866141732295
593    4904.456692913387
594    5506.826771653545
595    6144.196850393702
596    7208.566929133856
597    7943.937007874018
598    8829.307086614172
599    9718.677165354333
600    10581.047244094487
601    11425.417322834644
602    12539.787401574802
603    13529.15748031496
604    14433.527559055117
605    15232.897637795275
606    16007.267716535433
607    16828.63779527559
608    17252.007874015748
609    17802.377952755905
610    18147.748031496063
611    18218.11811023622
612    18126.48818897638
613    18007.858267716536
614    17613.228346456694
615    16960.59842519685
616    16270.968503937009
617    15162.338582677166
618    14166.708661417324
619    12968.078740157482
620    11948.44881889764
621    10625.818897637793
622    9620.188976377955
623    8439.559055118109
624    7315.92913385827
625    6355.299212598424
626    5344.669291338585
627    4419.039370078739
628    3675.4094488188966
629    3073.7795275590543
630    2395.149606299212
631    1826.5196850393695
632    1350.8897637795271
633    1112.2598425196848
634    719.6299212598424
635    379.0
636    49.023255813954165
637    -78.95348837209167
638    -265.93023255814114
639    -495.906976744187
640    -545.8837209302328
641    -743.8604651162786
642    -824.8372093023245
643    -941.8139534883703
644    -988.7906976744198
645    -1176.7674418604656
646    -1216.7441860465115
647    -1265.7209302325573
648    -1253.6976744186031
649    -1344.6744186046526
650    -1443.6511627906984
651    -1523.6279069767443
652    -1480.60465116279
653    -1582.581395348836
654    -1662.5581395348854
655    -1817.5348837209312
656    -1854.511627906977
657    -1829.488372093023
658    -1917.4651162790688
659    -1737.4418604651146
660    -1783.418604651164
661    -1816.39534883721
662    -1826.3720930232557
663    -1946.3488372093016
664    -1850.3255813953474
665    -1870.3023255813969
666    -1798.2790697674427
667    -1822.2558139534885
668    -1643.2325581395344
669    -1617.2093023255802
670    -1371.186046511626
671    -1231.1627906976755
672    -1040.1395348837214
673    -847.1162790697672
674    -1012.093023255813
675    -830.0697674418589
676    -610.0465116279083
677    -375.02325581395417
678    -208.0
679    -89.9090909090919
680    -90.81818181818016
681    -26.727272727272066
682    -3.636363636363967
683    -84.54545454545587
684    58.54545454545587
685    151.63636363636397
686    76.72727272727207
687    79.81818181818016
688    58.9090909090919
689    -123.0
690    110.4375
691    105.875
692    362.3125
693    308.75
694    255.1875
695    168.625
696    115.0625
697    263.5
698    183.9375
699    43.375
700    193.8125
701    15.25
702    -51.3125
703    23.125
704    69.5625
705    -3.0
706    1.5
707    -83.0
708    -45.5
709    -41.0
710    -99.5
711    -118.0
712    -124.5
713    -115.0
714    -102.5
715    -158.0
716    -254.5
717    -139.0
718    -193.5
719    -224.0
720    -148.5
721    -137.0
722    -174.5
723    -166.0
724    -134.5
725    -154.0
726    -141.5
727    -172.0
728    -239.5
729    -235.0
730    -281.5
731    -224.0
732    -302.5
733    -224.0
734    -130.5
735    -227.0
736    -183.5
737    -198.0
738    -184.5
739    -153.0
740    -168.5
741    -121.0
742    14.5
743    -55.0
744    50.5
745    84.0
746    243.5
747    223.0
748    371.5
749    451.0
750    558.5
751    504.0
752    680.5
753    696.0
754    802.5
755    864.0
756    943.5
757    991.0
758    1181.5
759    1198.0
760    1270.5
761    1262.0
762    1214.5
763    1228.0
764    1193.5
765    1376.0
766    1207.5
767    1201.0
768    987.5
769    1031.0
770    839.5
771    948.0
772    791.5
773    730.0
774    697.5
775    458.0
776    474.5
777    392.0
778    222.5
779    193.0
780    181.5
781    151.0
782    36.5
783    -109.0
784    -139.5
785    -96.0
786    -171.5
787    -171.0
788    -144.5
789    -144.0
790    -159.5
791    -218.0
792    -73.5
793    -99.0
794    -46.5
795    -56.0
796    -30.5
797    -118.0
798    -4.599999999998545
799    51.79999999999927
800    65.20000000000073
801    155.59999999999854
802    119.0
803    161.40000000000146
804    41.79999999999927
805    113.20000000000073
806    173.59999999999854
807    197.0
808    189.40000000000146
809    139.79999999999927
810    171.20000000000073
811    193.59999999999854
812    185.0
813    173.40000000000146
814    292.7999999999993
815    252.20000000000073
816    261.59999999999854
817    64.0
818    120.40000000000146
819    111.79999999999927
820    -65.79999999999927
821    6.599999999998545
822    -6.0
823    -81.59999999999854
824    -73.20000000000073
825    -153.79999999999927
826    -119.40000000000146
827    -226.0
828    -187.59999999999854
829    -155.20000000000073
830    -67.79999999999927
831    -88.40000000000146
832    -12.0
833    14.400000000001455
834    106.79999999999927
835    231.20000000000073
836    336.59999999999854
837    413.0
838    589.4000000000015
839    556.7999999999993
840    659.2000000000007
841    809.5999999999985
842    1026.0
843    1050.4000000000015
844    1394.7999999999993
845    1538.2000000000007
846    1603.5999999999985
847    1864.0
848    2045.4000000000015
849    2261.7999999999993
850    2592.2000000000007
851    2790.5999999999985
852    3022.0
853    3470.4000000000015
854    3652.7999999999993
855    3918.2000000000007
856    4241.5999999999985
857    4450.0
858    4872.4000000000015
859    5170.799999999999
860    5510.200000000001
861    5857.5999999999985
862    6152.0
863    6463.4000000000015
864    6826.799999999999
865    7126.200000000001
866    7403.5999999999985
867    7631.0
868    8033.4000000000015
869    8275.8
870    8462.2
871    8602.599999999999
872    8703.0
873    8940.400000000001
874    9000.8
875    9086.2
876    9100.599999999999
877    9079.0
878    9016.400000000001
879    8902.8
880    8653.2
881    8449.599999999999
882    8109.0
883    7958.4000000000015
884    7642.799999999999
885    7363.200000000001
886    7066.5999999999985
887    6892.0
888    6450.4000000000015
889    6103.799999999999
890    5778.200000000001
891    5492.5999999999985
892    5283.0
893    5157.4000000000015
894    4987.799999999999
895    4698.200000000001
896    4604.5999999999985
897    4358.0
898    4375.4000000000015
899    4149.799999999999
900    4131.200000000001
901    3988.5999999999985
902    3903.0
903    3774.4000000000015
904    3655.7999999999993
905    3629.2000000000007
906    3466.5999999999985
907    3298.0
908    3034.4000000000015
909    2993.7999999999993
910    2725.2000000000007
911    2689.5999999999985
912    2430.0
913    2367.4000000000015
914    2073.7999999999993
915    1946.2000000000007
916    1757.5999999999985
917    1634.0
918    1430.4000000000015
919    1345.7999999999993
920    1291.2000000000007
921    1268.5999999999985
922    1063.0
923    1061.4000000000015
924    977.7999999999993
925    957.2000000000007
926    979.5999999999985
927    888.0
928    1037.4000000000015
929    962.7999999999993
930    874.2000000000007
931    967.5999999999985
932    1111.0
933    1219.4000000000015
934    1217.7999999999993
935    1330.2000000000007
936    1451.5999999999985
937    1615.0
938    1693.4000000000015
939    1819.7999999999993
940    1867.2000000000007
941    2033.5999999999985
942    2160.0
943    2505.4000000000015
944    2690.7999999999993
945    2759.2000000000007
946    3024.5999999999985
947    3097.0
948    3311.4000000000015
949    3475.7999999999993
950    3720.2000000000007
951    3948.5999999999985
952    4106.0
953    4295.4000000000015
954    4427.799999999999
955    4503.200000000001
956    4531.5999999999985
957    4739.0
958    4751.4000000000015
959    4886.799999999999
960    4814.200000000001
961    4819.5999999999985
962    4751.0
963    4409.4000000000015
964    4301.799999999999
965    4127.200000000001
966    3929.5999999999985
967    3628.0
968    3298.4000000000015
969    3130.7999999999993
970    2857.2000000000007
971    2639.5999999999985
972    2463.0
973    2289.4000000000015
974    2106.7999999999993
975    1859.2000000000007
976    1584.5999999999985
977    1419.0
978    1176.4000000000015
979    1069.7999999999993
980    833.2000000000007
981    888.5999999999985
982    738.0
983    521.4000000000015
984    393.7999999999993
985    210.20000000000073
986    198.59999999999854
987    109.0
988    25.52173913043589
989    41.04347826086814
990    -55.43478260869597
991    -82.91304347826008
992    -121.39130434782783
993    -111.86956521739194
994    -149.34782608695605
995    -195.82608695652016
996    -291.3043478260879
997    -192.78260869565202
998    -188.26086956521613
999    -259.7391304347839
1000    -355.217391304348
1001    -391.6956521739121
1002    -447.17391304347984
1003    -498.65217391304395
1004    -285.13043478260806
1005    -324.6086956521722
1006    -377.0869565217399
1007    -354.56521739130403
1008    -193.04347826086814
1009    -314.5217391304359
1010    793.0
1011    -169.4782608695641
1012    -84.95652173913186
1013    -320.43478260869597
1014    -254.91304347826008
1015    -302.3913043478278
1016    -202.86956521739194
1017    -167.34782608695605
1018    -187.82608695652016
1019    -153.3043478260879
1020    -248.78260869565202
1021    -97.26086956521613
1022    -116.73913043478387
1023    -32.217391304347984
1024    -15.695652173912094
1025    14.826086956520157
1026    -44.65217391304395
1027    -0.13043478260806296
1028    17.39130434782419
1029    38.91304347826008
1030    -36.56521739130403
1031    -1.0434782608681417
1032    42.47826086956411
1033    46.0
1034    6.211538461539021
1035    36.42307692307804
1036    8.634615384617064
1037    -7.153846153847553
1038    -72.94230769230853
1039    -27.73076923076951
1040    -49.51923076923049
1041    29.692307692308532
1042    -34.09615384615245
1043    660.1153846153829
1044    407.32692307692196
1045    212.53846153846098
1046    -10.25
1047    -88.03846153846098
1048    -55.82692307692196
1049    11.384615384617064
1050    44.59615384615245
1051    -154.19230769230853
1052    -180.9807692307695
1053    -87.76923076923049
1054    -96.55769230769147
1055    -27.346153846152447
1056    -109.13461538461706
1057    -120.92307692307804
1058    19.28846153846098
1059    -163.5
1060    -199.28846153846098
1061    -179.07692307692196
1062    -139.86538461538294
1063    -145.65384615384755
1064    -272.44230769230853
1065    -222.2307692307695
1066    -178.0192307692305
1067    -83.80769230769147
1068    -89.59615384615245
1069    -125.38461538461706
1070    -109.17307692307804
1071    8.038461538460979
1072    15.25
1073    70.46153846153902
1074    102.67307692307804
1075    80.88461538461706
1076    37.09615384615245
1077    164.30769230769147
1078    80.51923076923049
1079    90.73076923076951
1080    54.94230769230853
1081    144.15384615384755
1082    202.36538461538294
1083    158.57692307692196
1084    46.78846153846098
1085    169.0
1086    8.298245614034386
1087    69.59649122806877
1088    21.894736842106795
1089    25.19298245614118
1090    -4.508771929824434
1091    -43.21052631579005
1092    -48.91228070175566
1093    -2.614035087717639
1094    -38.31578947368325
1095    -27.017543859648868
1096    -77.71929824561448
1097    -146.4210526315801
1098    -37.12280701754207
1099    -183.8245614035077
1100    -175.5263157894733
1101    -159.22807017543892
1102    -210.92982456140453
1103    -281.63157894737014
1104    -282.3333333333321
1105    -345.03508771929774
1106    -303.73684210526335
1107    -354.43859649122896
1108    -338.1403508771946
1109    -298.84210526315655
1110    -217.54385964912217
1111    -239.24561403508778
1112    -249.9473684210534
1113    -293.649122807019
1114    -251.350877192981
1115    -195.0526315789466
1116    -190.75438596491222
1117    -162.45614035087783
1118    -222.15789473684345
1119    -295.8596491228054
1120    -208.56140350877104
1121    -327.26315789473665
1122    -198.96491228070226
1123    -279.6666666666679
1124    -107.36842105262986
1125    -129.07017543859547
1126    -98.77192982456108
1127    -99.4736842105267
1128    -49.17543859649231
1129    -87.87719298245793
1130    -81.5789473684199
1131    -107.28070175438552
1132    -97.98245614035113
1133    38.31578947368325
1134    -1.3859649122823612
1135    -13.087719298244338
1136    -23.789473684209952
1137    -87.49122807017557
1138    -61.19298245614118
1139    -68.8947368421068
1140    -30.59649122806877
1141    9.701754385965614
1142    64.0
1143    -1.0
1144    -35.0
1145    -13.0
1146    -24.0
1147    770.0
1148    524.0
1149    374.0
1150    58.0
1151    5.0
1152    -25.0
1153    -55.0
1154    -105.0
1155    -142.0
1156    -110.0
1157    -92.0
1158    -85.0
1159    -82.0
1160    -162.0
1161    -67.0
1162    -93.0
1163    -73.0
1164    -49.0
1165    -127.0
1166    -85.0
1167    -26.0
1168    -134.0
1169    -75.0
1170    -53.0
1171    -112.0
1172    -145.0
1173    -143.0
1174    -4.0
1175    -63.0
1176    -95.0
1177    -100.0
1178    -21.0
1179    -45.0
1180    -143.0
1181    -47.0
1182    -114.0
1183    -14.0
1184    -111.0
1185    -116.0
1186    -59.0
1187    -138.0
1188    -95.0
1189    -87.0
1190    -123.0
1191    -4.0
1192    -158.0
1193    -5.0
1194    -69.0
1195    -104.0
1196    -99.0
1197    -159.0
1198    -106.0
1199    2.0
1200    2.0909090909080987
1201    54.181818181819835
1202    72.27272727272793
1203    -34.63636363636397
1204    -23.54545454545587
1205    37.54545454545587
1206    -10.363636363636033
1207    -106.27272727272793
1208    -23.181818181819835
1209    54.9090909090919
1210    31.0
1211    34.0909090909081
1212    19.181818181819835
1213    -65.72727272727207
1214    4.363636363636033
1215    98.45454545454413
1216    -26.45454545454413
1217    46.63636363636397
1218    70.72727272727207
1219    20.818181818180165
1220    -8.090909090908099
1221    25.0
1222    49.0909090909081
1223    24.181818181819835
1224    40.272727272727934
1225    32.36363636363603
1226    34.45454545454413
1227    -3.4545454545441316
1228    2.636363636363967
1229    -69.27272727272793
1230    -9.181818181819835
1231    26.9090909090919
1232    75.0
1233    -12.909090909091901
1234    44.181818181819835
1235    -27.727272727272066
1236    -90.63636363636397
1237    14.454545454544132
1238    25.54545454545587
1239    -15.363636363636033
1240    100.72727272727207
1241    -104.18181818181984
1242    46.9090909090919
1243    81.0
1244    83.0909090909081
1245    -14.818181818180165
1246    53.272727272727934
1247    35.36363636363603
1248    -16.54545454545587
1249    -17.45454545454413
1250    58.63636363636397
1251    -25.272727272727934
1252    -44.181818181819835
1253    112.9090909090919
1254    42.0
1255    -1.9799999999995634
1256    -51.95999999999913
1257    4.06000000000131
1258    -15.919999999998254
1259    20.099999999998545
1260    -37.88000000000102
1261    28.139999999999418
1262    158.15999999999985
1263    343.1800000000003
1264    228.20000000000073
1265    249.22000000000116
1266    215.2400000000016
1267    372.2599999999984
1268    78.27999999999884
1269    -5.700000000000728
1270    -36.68000000000029
1271    17.340000000000146
1272    36.36000000000058
1273    51.38000000000102
1274    85.40000000000146
1275    114.41999999999825
1276    55.43999999999869
1277    113.45999999999913
1278    100.47999999999956
1279    167.5
1280    59.52000000000044
1281    102.54000000000087
1282    83.56000000000131
1283    57.580000000001746
1284    2.599999999998545
1285    57.61999999999898
1286    -77.36000000000058
1287    51.659999999999854
1288    -37.31999999999971
1289    112.70000000000073
1290    78.72000000000116
1291    99.7400000000016
1292    47.7599999999984
1293    64.77999999999884
1294    7.799999999999272
1295    138.8199999999997
1296    72.84000000000015
1297    165.86000000000058
1298    114.88000000000102
1299    237.90000000000146
1300    196.91999999999825
1301    202.9399999999987
1302    149.95999999999913
1303    163.97999999999956
1304    148.0
1305    -8.8125
1306    224.375
1307    94.5625
1308    62.75
1309    4.9375
1310    14.125
1311    63.3125
1312    24.5
1313    113.6875
1314    56.875
1315    -13.9375
1316    16.25
1317    10.4375
1318    105.625
1319    73.8125
1320    93.0
1321    -66.8125
1322    106.375
1323    50.5625
1324    141.75
1325    121.9375
1326    170.125
1327    101.3125
1328    -99.5
1329    42.6875
1330    38.875
1331    38.0625
1332    -22.75
1333    50.4375
1334    8.625
1335    -87.1875
1336    67.0
1337    0.0
1338    119.0
1339    -14.0
1340    107.0
