# DHP A
# res   J(0)        S2          S_f         S_s         t_e         t_f         t_s
1       2.86E-09    0           0           0           0           0           0
2       3.35E-09    0.813666462 0           0           0           0           0
3       3.91E-09    0           0           0           0           0           0
4       3.06E-09    0.856443123 0           0           0           0           0
5       3.21E-09    0.868070837 0           0           0           0           0
6       3.40E-09    0.87363245  0           0           0           0           0
7       3.45E-09    0.871522646 0           0           0           0           0
8       3.21E-09    0.861927133 0           0           0           0           0
9       3.58E-09    0.904436284 0           0           0           0           0
10      3.98E-09    0.869544104 0           0           0           0           0
11      3.22E-09    0.853897294 0           0           0           0           0
12      3.04E-09    0.84118584  0           0           0           0           0
13      2.90E-09    0.801525354 0           0           0           0           0
14      3.60E-09    0.842777942 0           0           0           0           0
15      3.56E-09    0.824276909 0           0           0           0           0
16      3.37E-09    0.85956761  0           0           0           0           0
17      3.44E-09    0.869049685 0           0           0           0           0
18      3.59E-09    0.841867458 0           0           0           0           0
19      3.61E-09    0.882191879 0           0           0           0           0
20      3.11E-09    0.874798994 0           0           0           0           0
21      3.16E-09    0.892551242 0           0           0           0           0
22      3.68E-09    0.862442384 0           0           0           0           0
23      3.36E-09    0.843125622 0           0           0           0           0
24      3.07E-09    0.849824271 0           0           0           0           0
25      3.71E-09    0.837959715 0           0           0           0           0
26      3.83E-09    0.857979571 0           0           0           0           0
27      3.17E-09    0.864244986 0           0           0           0           0
28      3.46E-09    0.814005286 0           0           0           0           0
29      0.00E+00    0           0           0           0           0           0
30      3.49E-09    0.893075508 0           0           0           0           0
31      3.24E-09    0.891621539 0           0           0           0           0
32      3.68E-09    0.902134531 0           0           0           0           0
33      3.59E-09    0.846645205 0           0           0           0           0
34      3.81E-09    0.849607942 0           0           0           0           0
35      0.00E+00    0           0           0           0           0           0
36      0.00E+00    0           0           0           0           0           0
37      3.62E-09    0.890809184 0           0           0           0           0
38      3.51E-09    0.914816338 0           0           0           0           0
39      2.93E-09    0.824762252 0           0           2.81E-11    0           0
40      3.52E-09    0           0           0           0           0           0
41      3.23E-09    0.791358194 0           0           0           0           0
42      3.01E-09    0.809536574 0           0           0           0           0
43      2.95E-09    0.853353907 0           0           0           0           0
44      3.31E-09    0.878242993 0           0           0           0           0
45      2.91E-09    0.84069512  0           0           0           0           0
46      0.00E+00    0           0           0           0           0           0
47      3.55E-09    0.865887927 0           0           0           0           0
48      2.96E-09    0.750108105 0.811356244 0.924511409 0           0           1.99E-09
49      2.98E-09    0.828514418 0           0           0           0           0
50      0.00E+00    0           0           0           0           0           0
51      0.00E+00    0           0           0           0           0           0
52      3.31E-09    0.880893521 0           0           0           0           0
53      3.27E-09    0.837142609 0           0           0           0           0
54      3.31E-09    0.859249502 0           0           0           0           0
55      3.26E-09    0.865173587 0           0           0           0           0
56      3.39E-09    0.886434916 0           0           0           0           0
57      3.64E-09    0.870634757 0           0           0           0           0
58      3.47E-09    0.871112829 0           0           0           0           0
59      3.34E-09    0.885825856 0           0           0           0           0
60      3.25E-09    0.822212254 0           0           0           0           0
61      3.10E-09    0.781328007 0.833209085 0.937733422 0           0           2.26E-09
62      3.72E-09    0.83861974  0           0           0           0           0
63      3.65E-09    0.859786009 0           0           0           0           0
64      4.00E-09    0.862392065 0           0           0           0           0
65      3.65E-09    0.880150758 0           0           0           0           0
66      3.38E-09    0.876059665 0           0           0           0           0
67      3.37E-09    0.887292397 0           0           0           0           0
68      3.62E-09    0.895505526 0           0           0           0           0
69      4.01E-09    0.830172546 0           0           0           0           0
70      3.16E-09    0.854007826 0           0           0           0           0
71      2.43E-09    0.625897511 0           0           1.37E-10    0           0
72      0.00E+00    0           0           0           0           0           0
73      3.35E-09    0.868165822 0           0           0           0           0
74      3.59E-09    0.894673102 0           0           0           0           0
75      0.00E+00    0           0           0           0           0           0
76      3.00E-09    0.860637034 0           0           0           0           0
77      3.67E-09    0.833610459 0           0           0           0           0
78      0.00E+00    0           0           0           0           0           0
79      3.42E-09    0.851116366 0           0           0           0           0
80      3.34E-09    0.855482606 0           0           0           0           0
81      4.05E-09    0.797228791 0           0           0           0           0
82      3.84E-09    0.838480407 0           0           0           0           0
83      3.74E-09    0.903939271 0           0           0           0           0
84      3.72E-09    0.825281948 0           0           0           0           0
85      3.95E-09    0.802635733 0           0           0           0           0
86      3.02E-09    0.791140026 0           0           0           0           0
87      0.00E+00    0           0           0           0           0           0
88      3.56E-09    0.884177105 0           0           0           0           0
89      3.49E-09    0.89190798  0           0           0           0           0
90      3.39E-09    0.858107693 0           0           0           0           0
91      0.00E+00    0           0           0           0           0           0
92      3.04E-09    0.850244466 0           0           0           0           0
93      2.87E-09    0.810974306 0           0           0           0           0
94      3.39E-09    0.867778729 0           0           0           0           0
95      3.19E-09    0.868976187 0           0           0           0           0
96      3.43E-09    0.891505014 0           0           0           0           0
97      3.66E-09    0.830555184 0           0           0           0           0
98      3.35E-09    0.866667519 0           0           0           0           0
99      3.78E-09    0.845532332 0           0           0           0           0
100     3.26E-09    0.863885396 0           0           0           0           0
101     4.03E-09    0.854451844 0           0           0           0           0
102     3.65E-09    0.85464915  0           0           0           0           0
103     3.46E-09    0.902491479 0           0           0           0           0
104     3.24E-09    0.87305584  0           0           0           0           0
105     2.87E-09    0.732014458 0.840411249 0.871019349 0           0           9.48E-10
106     3.13E-09    0.816850105 0.859845556 0.949996309 0           0           1.57E-09
107     3.19E-09    0.852145631 0           0           0           0           0
108     3.52E-09    0.893002169 0           0           0           0           0
109     3.31E-09    0.875160789 0           0           0           0           0
110     3.21E-09    0.852273486 0           0           0           0           0
111     3.23E-09    0.840471242 0           0           0           0           0
112     3.10E-09    0.801493509 0           0           3.39E-11    0           0
113     3.17E-09    0.817670217 0           0           3.09E-11    0           0
114     0.00E+00    0           0           0           0           0           0
115     2.13E-09    0.597742286 0.741695305 0.805913536 0           0           5.33E-10
116     2.96E-09    0.831929621 0           0           0           0           0
117     3.20E-09    0.841973838 0           0           0           0           0
118     3.54E-09    0.891017682 0           0           0           0           0
119     3.33E-09    0.891545319 0           0           0           0           0
120     3.56E-09    0.897388527 0           0           0           0           0
120     0.00E+00    0           0           0           0           0           0
121     3.40E-09    0.885536345 0           0           0           0           0
122     3.62E-09    0.88594435  0           0           0           0           0
123     3.57E-09    0.879372379 0           0           0           0           0
124     3.34E-09    0.888195939 0           0           0           0           0
125     3.48E-09    0.884809901 0           0           0           0           0
126     3.47E-09    0.892613084 0           0           0           0           0
127     3.31E-09    0.889681447 0           0           0           0           0
128     3.19E-09    0.856356043 0           0           0           0           0
129     3.79E-09    0.847880274 0           0           0           0           0
130     3.21E-09    0.868406356 0           0           0           0           0
131     3.21E-09    0.86382195  0           0           0           0           0
132     3.86E-09    0.853777043 0           0           0           0           0
133     3.40E-09    0.870714885 0           0           0           0           0
134     3.03E-09    0.832736179 0           0           0           0           0
135     3.17E-09    0.787334804 0           0           0           0           0
136     3.36E-09    0.785543178 0           0           0           0           0
137     0.00E+00    0           0           0           0           0           0
