# DHP B
# res   J(0)        S2          S_f         S_s         t_e         t_f         t_s
1       0           0           0           0           0           0           0
2       3.48345E-09 0.874466785 0           0           0           0           0
3       3.52299E-09 0.875514587 0           0           0           0           0
4       3.44217E-09 0.878181768 0           0           0           0           0
5       3.5841E-09  0.915660934 0           0           0           0           0
6       0           0           0           0           0           0           0
7       3.7516E-09  0.883465159 0           0           0           0           0
8       0           0           0           0           0           0           0
9       3.63726E-09 0.908116194 0           0           0           0           0
10      3.5534E-09  0.885450156 0           0           0           0           0
11      3.31211E-09 0.835316678 0           0           0           0           0
12      3.33108E-09 0.8473328   0           0           0           0           0
13      3.04302E-09 0.751462028 0.809909742 0.927834287 0           0           5.43E-09
14      3.31796E-09 0.842149678 0           0           0           0           0
15      3.23993E-09 0.827256138 0           0           0           0           0
16      3.55453E-09 0.890936343 0           0           0           0           0
17      0           0           0           0           0           0           0
18      3.2817E-09  0.82029111  0           0           0           0           0
19      3.61959E-09 0.82482398  0           0           0           0           0
20      3.62124E-09 0.857933167 0           0           0           0           0
21      3.45685E-09 0.875904857 0           0           0           0           0
22      3.39561E-09 0.898766369 0           0           0           0           0
23      3.43876E-09 0.849047772 0           0           0           0           0
24      3.48E-09    0.890551206 0           0           0           0           0
25      3.33434E-09 0.868823619 0           0           0           0           0
26      3.34952E-09 0.818031244 0           0           0           0           0
27      3.34027E-09 0.897143671 0           0           0           0           0
28      3.09694E-09 0.849435998 0           0           0           0           0
29      0           0           0           0           0           0           0
30      0           0           0           0           0           0           0
31      4.0248E-09  0.810555167 0           0           0           0           0
32      3.09353E-09 0.843201823 0           0           0           0           0
33      3.60602E-09 0.806536236 0           0           0           0           0
34      3.26971E-09 0.74789296  0.81871333  0.913497963 0           0           1.14E-09
35      3.29831E-09 0.898488942 0           0           0           0           0
36      3.69314E-09 0.840855914 0           0           0           0           0
37      3.67527E-09 0.882170945 0           0           0           0           0
38      0           0           0           0           0           0           0
39      3.20886E-09 0.794934141 0           0           2.12E-11    0           0
40      0           0           0           0           0           0           0
41      3.30889E-09 0.847684135 0           0           0           0           0
42      3.3223E-09  0.85285221  0           0           0           0           0
43      3.13513E-09 0.877887689 0           0           0           0           0
44      3.6183E-09  0.83517241  0           0           0           0           0
45      3.45653E-09 0.833755246 0           0           0           0           0
46      0           0           0           0           0           0           0
47      0           0           0           0           0           0           0
48      3.5123E-09  0.876868917 0           0           0           0           0
49      0           0           0           0           0           0           0
50      3.79591E-09 0.838902502 0           0           0           0           0
51      3.73815E-09 0.918676167 0           0           0           0           0
52      3.53107E-09 0.866958371 0           0           0           0           0
53      3.57385E-09 0.867924116 0           0           0           0           0
54      3.80736E-09 0.881870741 0           0           0           0           0
55      3.05621E-09 0.663795343 0.823209909 0.80635004  0           0           7.67E-09
56      3.7131E-09  0.870659428 0           0           0           0           0
57      3.65496E-09 0.881149716 0           0           0           0           0
58      3.73437E-09 0.841928829 0           0           0           0           0
59      3.64577E-09 0.867390257 0           0           0           0           0
60      3.82867E-09 0.892214402 0           0           0           0           0
61      0           0           0           0           0           0           0
62      3.84851E-09 0.857193541 0           0           0           0           0
63      3.72459E-09 0.87805646  0           0           0           0           0
64      2.85914E-09 0.626088978 0.77840557  0.804322326 0           0           5.52E-09
65      0           0           0           0           0           0           0
66      0           0           0           0           0           0           0
67      3.72549E-09 0.886205103 0           0           0           0           0
68      3.91522E-09 0.859676395 0           0           0           0           0
69      3.58643E-09 0.870336736 0           0           0           0           0
70      3.47232E-09 0.927754181 0           0           0           0           0
71      2.68783E-09 0.642291433 0           0           6.70E-11    0           0
72      0           0           0           0           0           0           0
73      3.69422E-09 0.884181281 0           0           0           0           0
74      3.56779E-09 0.851111535 0           0           0           0           0
75      0           0           0           0           0           0           0
76      3.38709E-09 0.909720611 0           0           0           0           0
77      4.05581E-09 0.910638924 0           0           0           0           0
78      0           0           0           0           0           0           0
79      3.80394E-09 0.854178841 0           0           0           0           0
80      3.43479E-09 0.791280885 0.868300879 0.911298036 0           0           3.32E-09
81      3.47641E-09 0.817684762 0           0           0           0           0
82      3.82919E-09 0.818362002 0           0           0           0           0
83      3.92989E-09 0.813480634 0           0           0           0           0
84      3.66635E-09 0.835274815 0           0           0           0           0
85      3.7236E-09  0.808171468 0           0           0           0           0
86      3.28842E-09 0.727001321 0           0           0           0           0
87      3.19817E-09 0.833844687 0           0           3.92E-11    0           0
88      3.32502E-09 0.864052182 0           0           0           0           0
89      3.19454E-09 0.87330161  0           0           0           0           0
90      3.45825E-09 0.885703313 0           0           0           0           0
91      3.76704E-09 0.899487348 0           0           0           0           0
92      3.22832E-09 0.856732334 0           0           0           0           0
93      3.31365E-09 0.819073725 0           0           0           0           0
94      3.19151E-09 0.860805784 0           0           0           0           0
95      3.68104E-09 0.860915317 0           0           0           0           0
96      3.54756E-09 0.828815306 0           0           0           0           0
97      3.19976E-09 0.798486407 0           0           0           0           0
98      3.50563E-09 0.846609427 0           0           0           0           0
99      3.40861E-09 0.792420287 0           0           0           0           0
100     0           0           0           0           0           0           0
101     3.49792E-09 0.816117547 0           0           0           0           0
102     3.58419E-09 0.806190608 0           0           0           0           0
103     3.71901E-09 0.798300185 0           0           0           0           0
104     3.32115E-09 0.823364488 0           0           0           0           0
105     3.17613E-09 0.860300305 0           0           0           0           0
106     3.71044E-09 0.821219374 0           0           0           0           0
107     3.53099E-09 0.818047485 0           0           0           0           0
108     0           0           0           0           0           0           0
109     3.18003E-09 0.849008269 0           0           0           0           0
110     3.77259E-09 0.793699987 0           0           0           0           0
111     2.98282E-09 0.82342598  0           0           0           0           0
112     3.27228E-09 0.911871773 0           0           0           0           0
113     3.60378E-09 0.838195379 0           0           2.91E-11    0           0
114     0           0           0           0           0           0           0
115     2.36135E-09 0.584633263 0.772623364 0.756685975 0           0           7.86E-10
116     0           0.845712293 0           0           0           0           0
117     0           0           0           0           0           0           0
118     3.62142E-09 0.801979273 0           0           0           0           0
119     3.55054E-09 0.836398938 0           0           0           0           0
120     3.51529E-09 0.835072534 0           0           0           0           0
120     0           0           0           0           0           0           0
121     3.81236E-09 0.827572782 0           0           0           0           0
122     3.54945E-09 0.813219106 0           0           0           0           0
123     3.6304E-09  0.817135278 0           0           0           0           0
124     3.58818E-09 0.827863016 0           0           0           0           0
125     3.67793E-09 0.800706048 0           0           0           0           0
126     3.60433E-09 0.791749802 0           0           0           0           0
127     3.48994E-09 0.834188431 0           0           0           0           0
128     3.56631E-09 0.790453078 0           0           0           0           0
129     3.52487E-09 0.789846885 0           0           0           0           0
130     3.06266E-09 0.835543565 0           0           0           0           0
131     3.53106E-09 0.798076731 0           0           0           0           0
132     3.43319E-09 0.78975511  0           0           0           0           0
133     0           0           0           0           0           0           0
134     3.23277E-09 0.809912075 0           0           0           0           0
135     3.37789E-09 0.770965133 0           0           0           0           0
136     3.74271E-09 0.772431189 0           0           0           0           0
137     2.85886E-09 0.685320807 0.767436726 0.892999753 0           0           1.21E-09
