1,1,474554
2,1,477195
3,1,479663
4,1,480797
5,1,482777
6,1,482531
7,1,483636
8,1,484328
9,1,484665
10,1,484632
11,1,485152
12,1,485330
13,1,486138
14,1,485343
15,1,486220
16,1,485969
17,1,486864
18,1,487308
19,1,487570
20,1,488559
21,1,488031
22,1,488911
23,1,487862
24,1,488501
25,1,489079
26,1,489314
27,1,490246
28,1,489673
29,1,490394
30,1,490857
31,1,491330
32,1,491900
33,1,492235
34,1,492177
35,1,492056
36,1,492554
37,1,492601
38,1,492923
39,1,493299
40,1,494386
41,1,493944
42,1,494015
43,1,494257
44,1,494478
45,1,494500
46,1,495105
47,1,495240
48,1,496041
49,1,497132
50,1,497116
51,1,497132
52,1,498107
53,1,498243
54,1,498890
55,1,499569
56,1,498933
57,1,500196
58,1,500517
59,1,500794
60,1,501404
61,1,502231
62,1,502606
63,1,503352
64,1,503920
65,1,504433
66,1,505549
67,1,505702
68,1,506812
69,1,507495
70,1,507811
71,1,508510
72,1,509512
73,1,510717
74,1,511647
75,1,511736
76,1,513069
77,1,513489
78,1,514554
79,1,515780
80,1,515891
81,1,515350
82,1,516990
83,1,518688
84,1,520338
85,1,520935
86,1,522569
87,1,523250
88,1,523940
89,1,524390
90,1,525591
91,1,526705
92,1,526947
93,1,527115
94,1,528024
95,1,528800
96,1,529518
97,1,530441
98,1,530308
99,1,531218
100,1,530790
101,1,532173
102,1,532192
103,1,532085
104,1,533414
105,1,533805
106,1,534208
107,1,534705
108,1,535446
109,1,535518
110,1,535600
111,1,536055
112,1,536742
113,1,537297
114,1,537288
115,1,537003
116,1,538746
117,1,538583
118,1,537814
119,1,538164
120,1,538786
121,1,539524
122,1,540304
123,1,540465
124,1,540403
125,1,540994
126,1,540619
127,1,541230
128,1,541666
129,1,542017
130,1,542112
131,1,542488
132,1,542987
133,1,543818
134,1,544280
135,1,544427
136,1,545280
137,1,544930
138,1,546543
139,1,545529
140,1,546657
141,1,547265
142,1,547419
143,1,548368
144,1,549550
145,1,550579
146,1,551899
147,1,551911
148,1,553076
149,1,553181
150,1,554821
151,1,554875
152,1,555772
153,1,557063
154,1,557858
155,1,559196
156,1,560473
157,1,561214
158,1,563015
159,1,563391
160,1,564165
161,1,565055
162,1,565196
163,1,566038
164,1,566967
165,1,567725
166,1,568793
167,1,570080
168,1,570549
169,1,572169
170,1,571927
171,1,573033
172,1,573389
173,1,574509
174,1,574577
175,1,575928
176,1,576301
177,1,576899
178,1,577542
179,1,578350
180,1,579991
181,1,580636
182,1,581537
183,1,582767
184,1,583429
185,1,584550
186,1,586217
187,1,588222
188,1,589330
189,1,591408
190,1,592649
191,1,595099
192,1,598020
193,1,599823
194,1,602041
195,1,604542
196,1,607141
197,1,608774
198,1,612079
199,1,615060
200,1,617844
201,1,621169
202,1,622982
203,1,626080
204,1,628557
205,1,629936
206,1,631983
207,1,633822
208,1,635112
209,1,636463
210,1,637754
211,1,639103
212,1,638642
213,1,638258
214,1,637554
215,1,637003
216,1,636095
217,1,634994
218,1,633533
219,1,631554
220,1,629149
221,1,627077
222,1,625077
223,1,623072
224,1,621193
225,1,619685
226,1,617141
227,1,614900
228,1,612444
229,1,611606
230,1,609457
231,1,607741
232,1,606529
233,1,605304
234,1,605052
235,1,604035
236,1,603637
237,1,602981
238,1,602048
239,1,601066
240,1,600823
241,1,600517
242,1,601320
243,1,600347
244,1,600638
245,1,600221
246,1,600142
247,1,599955
248,1,600622
249,1,600295
250,1,601009
251,1,600859
252,1,600690
253,1,600985
254,1,600578
255,1,601153
256,1,601361
257,1,602276
258,1,601594
259,1,602562
260,1,602848
261,1,603094
262,1,603512
263,1,603704
264,1,603445
265,1,603601
266,1,603390
267,1,603953
268,1,604261
269,1,604499
270,1,605398
271,1,606845
272,1,606041
273,1,606220
274,1,606196
275,1,606442
276,1,608143
277,1,607528
278,1,607116
279,1,608236
280,1,608077
281,1,609125
282,1,608891
283,1,608889
284,1,609628
285,1,610090
286,1,611695
287,1,611599
288,1,612008
289,1,611832
290,1,611797
291,1,612379
292,1,612275
293,1,613018
294,1,613470
295,1,613329
296,1,614335
297,1,615141
298,1,615365
299,1,616097
300,1,615938
301,1,616135
302,1,615738
303,1,615938
304,1,616929
305,1,617316
306,1,617219
307,1,617761
308,1,618024
309,1,618671
310,1,618685
311,1,619273
312,1,619158
313,1,619106
314,1,619596
315,1,620200
316,1,620838
317,1,621539
318,1,621489
319,1,621405
320,1,621241
321,1,622341
322,1,622505
323,1,624005
324,1,624076
325,1,625829
326,1,626173
327,1,627149
328,1,627216
329,1,628225
330,1,627418
331,1,627262
332,1,626766
333,1,627099
334,1,627325
335,1,627699
336,1,627569
337,1,628445
338,1,628714
339,1,628871
340,1,629028
341,1,629788
342,1,629687
343,1,630293
344,1,630642
345,1,631401
346,1,632537
347,1,632501
348,1,633139
349,1,632403
350,1,633373
351,1,633046
352,1,633926
353,1,633879
354,1,634290
355,1,634953
356,1,635421
357,1,636110
358,1,636274
359,1,636749
360,1,637839
361,1,637909
362,1,638281
363,1,639668
364,1,639682
365,1,639325
366,1,640439
367,1,640862
368,1,641190
369,1,641784
370,1,642434
371,1,642322
372,1,643650
373,1,643737
374,1,643864
375,1,644014
376,1,645405
377,1,645429
378,1,645733
379,1,646737
380,1,646133
381,1,647000
382,1,646691
383,1,647476
384,1,647782
385,1,648519
386,1,648712
387,1,648917
388,1,648884
389,1,649021
390,1,649193
391,1,650635
392,1,650960
393,1,651975
394,1,652502
395,1,653017
396,1,653761
397,1,654655
398,1,654745
399,1,655072
400,1,656156
401,1,656891
402,1,656747
403,1,657337
404,1,657551
405,1,657725
406,1,658405
407,1,658207
408,1,658822
409,1,658854
410,1,659628
411,1,660296
412,1,659626
413,1,660733
414,1,660299
415,1,661809
416,1,661718
417,1,661387
418,1,661736
419,1,661724
420,1,662197
421,1,663811
422,1,664665
423,1,665521
424,1,665283
425,1,665160
426,1,665141
427,1,666146
428,1,666443
429,1,668265
430,1,668558
431,1,667940
432,1,668837
433,1,668449
434,1,669586
435,1,670190
436,1,669853
437,1,670763
438,1,670847
439,1,671577
440,1,670983
441,1,671318
442,1,671940
443,1,672815
444,1,672882
445,1,672922
446,1,673438
447,1,673598
448,1,673849
449,1,673961
450,1,674920
451,1,674943
452,1,675608
453,1,674984
454,1,675927
455,1,675870
456,1,676167
457,1,677521
458,1,677618
459,1,677604
460,1,678499
461,1,677752
462,1,678114
463,1,678742
464,1,678829
465,1,679510
466,1,679074
467,1,679149
468,1,679343
469,1,679132
470,1,680029
471,1,679872
472,1,680050
473,1,680417
474,1,681078
475,1,681530
476,1,682071
477,1,682321
478,1,682713
479,1,682518
480,1,683258
481,1,682766
482,1,684001
483,1,684020
484,1,685234
485,1,685217
486,1,686757
487,1,686646
488,1,686430
489,1,687490
490,1,686924
491,1,687708
492,1,687454
493,1,688045
494,1,689020
495,1,689284
496,1,689502
497,1,689843
498,1,690672
499,1,691463
500,1,692456
501,1,692846
502,1,693078
503,1,693571
504,1,693301
505,1,694332
506,1,694921
507,1,695073
508,1,696014
509,1,696260
510,1,696663
511,1,697461
512,1,697894
513,1,698868
514,1,700091
515,1,701174
516,1,701654
517,1,701905
518,1,702402
519,1,702458
520,1,703348
521,1,703489
522,1,704624
523,1,704624
524,1,705245
525,1,706439
526,1,705691
527,1,705920
528,1,707609
529,1,707573
530,1,707907
531,1,708198
532,1,709001
533,1,709486
534,1,710108
535,1,710070
536,1,710987
537,1,711583
538,1,710811
539,1,711450
540,1,712162
541,1,712727
542,1,712837
543,1,713098
544,1,713385
545,1,713805
546,1,714051
547,1,714665
548,1,714938
549,1,715794
550,1,716532
551,1,717945
552,1,718135
553,1,718518
554,1,718967
555,1,720113
556,1,720651
557,1,720436
558,1,720939
559,1,721115
560,1,722095
561,1,722660
562,1,723638
563,1,724748
564,1,724092
565,1,725148
566,1,726075
567,1,726400
568,1,727511
569,1,728348
570,1,729031
571,1,730278
572,1,730444
573,1,731678
574,1,732167
575,1,733737
576,1,734030
577,1,734091
578,1,735186
579,1,736602
580,1,736444
581,1,736905
582,1,738355
583,1,738806
584,1,739978
585,1,739892
586,1,740533
587,1,741972
588,1,741948
589,1,744025
590,1,743482
591,1,744596
592,1,745719
593,1,745968
594,1,746807
595,1,747707
596,1,748773
597,1,750780
598,1,751583
599,1,752470
600,1,753609
601,1,754574
602,1,756073
603,1,757138
604,1,758556
605,1,760792
606,1,761291
607,1,763289
608,1,764111
609,1,766402
610,1,767650
611,1,769653
612,1,771746
613,1,773969
614,1,776771
615,1,778913
616,1,782765
617,1,784731
618,1,787350
619,1,790253
620,1,792586
621,1,795645
622,1,799028
623,1,802940
624,1,805631
625,1,808700
626,1,812203
627,1,816086
628,1,819188
629,1,823866
630,1,827217
631,1,830583
632,1,834261
633,1,839847
634,1,842983
635,1,847384
636,1,851273
637,1,854541
638,1,859550
639,1,864751
640,1,868544
641,1,873069
642,1,877160
643,1,882082
644,1,887574
645,1,892618
646,1,897778
647,1,903767
648,1,907805
649,1,913608
650,1,920008
651,1,924434
652,1,929259
653,1,934518
654,1,938897
655,1,942759
656,1,946557
657,1,948807
658,1,951830
659,1,953580
660,1,954841
661,1,953821
662,1,952603
663,1,950927
664,1,948548
665,1,945874
666,1,941169
667,1,937109
668,1,931731
669,1,926042
670,1,920011
671,1,913873
672,1,907832
673,1,902377
674,1,896942
675,1,890969
676,1,887071
677,1,880786
678,1,877715
679,1,874808
680,1,870936
681,1,868529
682,1,866172
683,1,866379
684,1,865828
685,1,865930
686,1,867160
687,1,868106
688,1,869578
689,1,872093
690,1,873670
691,1,877404
692,1,878905
693,1,882898
694,1,886341
695,1,890710
696,1,894348
697,1,898940
698,1,901956
699,1,905982
700,1,909899
701,1,915066
702,1,918439
703,1,922520
704,1,926473
705,1,928172
706,1,931428
707,1,933210
708,1,934304
709,1,935689
710,1,935736
711,1,935690
712,1,933405
713,1,932443
714,1,929671
715,1,926983
716,1,923966
717,1,920225
718,1,916934
719,1,912915
720,1,908784
721,1,904365
722,1,901423
723,1,896954
724,1,893363
725,1,888224
726,1,886292
727,1,882209
728,1,879601
729,1,875850
730,1,873919
731,1,870572
732,1,868138
733,1,867022
734,1,864167
735,1,862530
736,1,860649
737,1,858660
738,1,857649
739,1,855862
740,1,854539
741,1,852912
742,1,851364
743,1,850533
744,1,849651
745,1,848353
746,1,848454
747,1,847766
748,1,846008
749,1,845923
750,1,845320
751,1,844703
752,1,844804
753,1,843749
754,1,843506
755,1,842539
756,1,841558
757,1,840975
758,1,840478
759,1,840069
760,1,839635
761,1,838218
762,1,838446
763,1,837340
764,1,837502
765,1,836440
766,1,835953
767,1,836160
768,1,836376
769,1,836756
770,1,836266
771,1,835522
772,1,835174
773,1,834460
774,1,833350
775,1,833389
776,1,832520
777,1,831125
778,1,829818
779,1,829340
780,1,828744
781,1,828811
782,1,827812
783,1,828532
784,1,828058
785,1,829139
786,1,828154
787,1,828807
788,1,828820
789,1,829928
790,1,830035
791,1,829530
792,1,830189
793,1,830428
794,1,830495
795,1,830510
796,1,830462
797,1,828994
798,1,829553
799,1,829306
800,1,829576
801,1,829734
802,1,829907
803,1,829924
804,1,830674
805,1,830745
806,1,831530
807,1,831496
808,1,831327
809,1,832493
810,1,832003
811,1,832331
812,1,832555
813,1,833223
814,1,833117
815,1,832378
816,1,830733
817,1,830853
818,1,829886
819,1,829721
820,1,828310
821,1,827782
822,1,827954
823,1,827382
824,1,827958
825,1,827767
826,1,826398
827,1,826482
828,1,828018
829,1,827848
830,1,827923
831,1,827750
832,1,828836
833,1,829884
834,1,830809
835,1,832036
836,1,833246
837,1,834957
838,1,835730
839,1,837436
840,1,838138
841,1,838884
842,1,839700
843,1,840656
844,1,842140
845,1,842855
846,1,844341
847,1,845167
848,1,847101
849,1,846577
850,1,847730
851,1,848275
852,1,848959
853,1,850080
854,1,850343
855,1,850370
856,1,851007
857,1,851473
858,1,851254
859,1,851911
860,1,852952
861,1,853494
862,1,853801
863,1,854750
864,1,854514
865,1,855096
866,1,855409
867,1,856277
868,1,856446
869,1,856963
870,1,856494
871,1,856736
872,1,857734
873,1,857318
874,1,857976
875,1,857709
876,1,858998
877,1,858238
878,1,859536
879,1,859024
880,1,858408
881,1,858113
882,1,858188
883,1,858294
884,1,858600
885,1,859907
886,1,859157
887,1,859722
888,1,859929
889,1,859215
890,1,859640
891,1,854863
892,1,859850
893,1,860841
894,1,862722
895,1,862454
896,1,862805
897,1,863677
898,1,864419
899,1,864819
900,1,865453
901,1,865012
902,1,866378
903,1,866644
904,1,866602
905,1,866828
906,1,865858
907,1,866277
908,1,866281
909,1,866115
910,1,866738
911,1,866424
912,1,867148
913,1,867171
914,1,868824
915,1,870249
916,1,870402
917,1,872058
918,1,872869
919,1,873948
920,1,875059
921,1,876946
922,1,877440
923,1,878081
924,1,879931
925,1,880300
926,1,880648
927,1,880695
928,1,882567
929,1,882643
930,1,883467
931,1,883357
932,1,884710
933,1,885409
934,1,886575
935,1,886964
936,1,888177
937,1,888386
938,1,888687
939,1,888672
940,1,889460
941,1,890085
942,1,890955
943,1,891721
944,1,892462
945,1,893323
946,1,893530
947,1,894572
948,1,894886
949,1,895683
950,1,895549
951,1,896662
952,1,896951
953,1,897173
954,1,897916
955,1,898286
956,1,899493
957,1,899557
958,1,900184
959,1,899851
960,1,900387
961,1,901302
962,1,901176
963,1,902393
964,1,902396
965,1,902333
966,1,903888
967,1,903012
968,1,904224
969,1,904297
970,1,904867
971,1,905396
972,1,906386
973,1,906791
974,1,907073
975,1,908056
976,1,907806
977,1,909032
978,1,909305
979,1,909741
980,1,909866
981,1,910797
982,1,911023
983,1,911310
984,1,911912
985,1,912878
986,1,913410
987,1,914277
988,1,915233
989,1,915242
990,1,916267
991,1,917329
992,1,918024
993,1,917454
994,1,918012
995,1,918833
996,1,920105
997,1,920833
998,1,922080
999,1,923534
1000,1,923379
1001,1,925195
1002,1,925432
1003,1,926299
1004,1,927117
1005,1,928095
1006,1,929817
1007,1,930336
1008,1,931043
1009,1,932254
1010,1,934661
1011,1,936309
1012,1,938258
1013,1,939687
1014,1,942398
1015,1,944587
1016,1,946355
1017,1,948510
1018,1,950516
1019,1,953127
1020,1,955568
1021,1,958054
1022,1,961106
1023,1,963963
1024,1,968076
1025,1,970203
1026,1,973543
1027,1,974877
1028,1,978630
1029,1,980681
1030,1,982941
1031,1,985064
1032,1,987294
1033,1,988571
1034,1,988876
1035,1,991404
1036,1,993430
1037,1,994352
1038,1,994672
1039,1,994822
1040,1,996015
1041,1,995802
1042,1,995546
1043,1,995793
1044,1,994967
1045,1,994908
1046,1,994342
1047,1,993690
1048,1,993489
1049,1,992875
1050,1,992481
1051,1,993602
1052,1,992204
1053,1,992565
1054,1,991935
1055,1,990645
1056,1,989718
1057,1,989680
1058,1,989286
1059,1,987398
1060,1,987474
1061,1,986476
1062,1,985531
1063,1,984291
1064,1,984241
1065,1,982809
1066,1,981518
1067,1,980054
1068,1,978950
1069,1,978034
1070,1,977860
1071,1,976349
1072,1,975344
1073,1,974058
1074,1,972561
1075,1,972285
1076,1,969639
1077,1,969348
1078,1,967935
1079,1,967623
1080,1,967265
1081,1,965792
1082,1,964618
1083,1,963859
1084,1,963058
1085,1,962795
1086,1,961987
1087,1,961922
1088,1,961054
1089,1,960586
1090,1,959490
1091,1,959207
1092,1,958119
1093,1,958630
1094,1,957649
1095,1,957591
1096,1,957449
1097,1,957327
1098,1,956614
1099,1,956974
1100,1,956353
1101,1,955700
1102,1,955796
1103,1,956485
1104,1,957372
1105,1,956566
1106,1,956597
1107,1,956696
1108,1,956321
1109,1,957334
1110,1,956297
1111,1,956796
1112,1,957359
1113,1,957332
1114,1,957664
1115,1,958058
1116,1,958268
1117,1,959353
1118,1,959158
1119,1,959797
1120,1,960758
1121,1,961186
1122,1,960595
1123,1,961076
1124,1,961485
1125,1,962477
1126,1,962391
1127,1,963358
1128,1,962889
1129,1,963099
1130,1,963387
1131,1,964128
1132,1,964132
1133,1,964591
1134,1,964586
1135,1,964676
1136,1,964245
1137,1,963232
1138,1,964351
1139,1,963980
1140,1,963547
1141,1,964267
1142,1,963925
1143,1,964450
1144,1,965056
1145,1,964913
1146,1,965357
1147,1,964770
1148,1,964453
1149,1,963944
1150,1,964275
1151,1,964656
1152,1,964675
1153,1,963954
1154,1,963769
1155,1,963822
1156,1,964002
1157,1,963605
1158,1,964455
1159,1,963120
1160,1,964202
1161,1,964073
1162,1,964633
1163,1,964759
1164,1,965073
1165,1,965126
1166,1,966644
1167,1,965947
1168,1,965960
1169,1,966179
1170,1,965939
1171,1,966280
1172,1,966239
1173,1,967020
1174,1,966392
1175,1,967027
1176,1,967180
1177,1,966537
1178,1,967115
1179,1,967405
1180,1,967265
1181,1,967790
1182,1,967497
1183,1,967372
1184,1,966778
1185,1,968118
1186,1,968024
1187,1,967748
1188,1,967297
1189,1,967293
1190,1,967289
1191,1,968047
1192,1,967818
1193,1,968307
1194,1,967526
1195,1,967340
1196,1,968003
1197,1,968031
1198,1,969231
1199,1,970205
1200,1,970491
1201,1,971490
1202,1,970955
1203,1,969975
1204,1,970417
1205,1,970853
1206,1,970609
1207,1,971209
1208,1,971666
1209,1,972647
1210,1,971726
1211,1,972066
1212,1,972941
1213,1,973497
1214,1,974145
1215,1,973653
1216,1,973986
1217,1,973557
1218,1,973184
1219,1,973235
1220,1,973123
1221,1,973422
1222,1,974204
1223,1,973150
1224,1,973449
1225,1,974077
1226,1,972987
1227,1,973095
1228,1,972763
1229,1,973376
1230,1,974061
1231,1,973664
1232,1,974332
1233,1,973318
1234,1,973511
1235,1,974063
1236,1,974376
1237,1,974777
1238,1,975476
1239,1,975932
1240,1,976300
1241,1,976547
1242,1,976265
1243,1,976047
1244,1,975752
1245,1,976430
1246,1,976519
1247,1,976253
1248,1,975810
1249,1,975623
1250,1,975845
1251,1,975405
1252,1,974392
1253,1,973987
1254,1,974033
1255,1,973687
1256,1,975025
1257,1,975126
1258,1,974337
1259,1,974735
1260,1,974771
1261,1,975114
1262,1,975803
1263,1,977435
1264,1,978626
1265,1,977898
1266,1,979115
1267,1,979801
1268,1,979842
1269,1,979929
1270,1,980808
1271,1,980881
1272,1,981187
1273,1,981933
1274,1,982505
1275,1,982016
1276,1,983814
1277,1,984618
1278,1,984120
1279,1,985206
1280,1,984696
1281,1,985464
1282,1,985385
1283,1,985465
1284,1,984641
1285,1,984114
1286,1,983433
1287,1,983713
1288,1,983666
1289,1,983117
1290,1,984137
1291,1,984827
1292,1,986240
1293,1,986434
1294,1,987716
1295,1,987306
1296,1,988012
1297,1,988126
1298,1,988602
1299,1,988597
1300,1,988638
1301,1,989092
1302,1,989462
1303,1,989870
1304,1,991376
1305,1,991773
1306,1,992683
1307,1,992852
1308,1,992734
1309,1,992845
1310,1,992893
1311,1,993033
1312,1,992759
1313,1,992790
1314,1,993602
1315,1,994371
1316,1,994874
1317,1,994577
1318,1,995410
1319,1,995472
1320,1,995147
1321,1,994908
1322,1,994912
1323,1,995444
1324,1,994773
1325,1,995271
1326,1,993861
1327,1,995160
1328,1,995140
1329,1,995233
1330,1,994470
1331,1,994370
1332,1,993903
1333,1,993589
1334,1,993790
1335,1,993588
1336,1,994537
1337,1,994487
1338,1,993327
1339,1,992505
1340,1,993199
